nRoutes 	 : 	 10

RouteMaxDur 	 : 	 2

nBases 	 : 	 1

nInsts 	 : 	 2

nDays 	 : 	 8

nNodes 	 : 	 24

BinaryMong 	 : 	 0
InstTranslation	  :   	  [ 
33	 34	 
]

DemandReq	 : 	 [ 
0	 0	 0	 1	 0	 0	 0	 1	 0	 
0	 0	 0	 1	 0	 0	 0	 1	 0	 
]

WaitingEmissions 	 : 	 2.2

BaseMaxCap 	 : 	 [ 
5	 5	 5	 5	 5	 5	 5	 5	 5	 
]

BaseTransits 	 : 	 [
0	 
]


CargoOnRoute   	  :   	 [
6	 2	 4	 2	 4	 6	 2	 4	 2	 4	 
]

SpotAllowed 	 : 	 [
1	 1	 1	 1	 1	 1	 1	 1	 1	 1	 
]

DayAtPos 	 : 	 [
4	 4	 0	 4	 0	 8	 8	 0	 8	 0	 
4	 0	 4	 0	 4	 8	 0	 8	 0	 8	 
]

RouteBaseStart 	 : 	 [
1	 1	 1	 1	 1	 1	 1	 1	 1	 1	 
]

RouteBaseEnd	 : 	 [
1	 1	 1	 1	 1	 1	 1	 1	 1	 1	 
]

RouteStartDays 	 : 	 [
3	 3	 3	 4	 4	 7	 7	 7	 8	 8	 
]

RouteEndDays 	 : 	 [
5	 4	 4	 5	 5	 9	 8	 8	 9	 9	 
]

RouteDurations 	 : 	 [
2	 1	 1	 1	 1	 2	 1	 1	 1	 1	 
]

RouteEmissions 	 : 	 [
25.3	 22.5	 15.3	 22.3	 14.0	 25.3	 22.5	 15.3	 22.3	 14.0	 
]

Node_InstMat 	 : 	 [
0	 1	 2	 0	 1	 2	 0	 1	 2	 0	 1	 2	 0	 1	 2	 0	 1	 2	 0	 1	 2	 0	 1	 2	 
]

Node_DayMat 	 : 	 [
1	 1	 1	 2	 2	 2	 3	 3	 3	 4	 4	 4	 5	 5	 5	 6	 6	 6	 7	 7	 7	 8	 8	 8	 
]

Node_DemandBinary 	 : 	 [
0	 0	 0	 0	 0	 0	 0	 0	 0	 0	 1	 1	 0	 0	 0	 0	 0	 0	 0	 0	 0	 0	 1	 1	 
]

Node_RouteBinary 	 : 	 [
0	 0	 0	 0	 0	 0	 0	 0	 0	 0	 
0	 0	 0	 0	 0	 0	 0	 0	 0	 0	 
0	 0	 0	 0	 0	 0	 0	 0	 0	 0	 
0	 0	 0	 0	 0	 0	 0	 0	 0	 0	 
0	 0	 0	 0	 0	 0	 0	 0	 0	 0	 
0	 0	 0	 0	 0	 0	 0	 0	 0	 0	 
1	 1	 1	 0	 0	 0	 0	 0	 0	 0	 
0	 0	 0	 0	 0	 0	 0	 0	 0	 0	 
0	 0	 0	 0	 0	 0	 0	 0	 0	 0	 
0	 1	 1	 1	 1	 0	 0	 0	 0	 0	 
1	 1	 0	 1	 0	 0	 0	 0	 0	 0	 
1	 0	 1	 0	 1	 0	 0	 0	 0	 0	 
1	 0	 0	 1	 1	 0	 0	 0	 0	 0	 
0	 0	 0	 0	 0	 0	 0	 0	 0	 0	 
0	 0	 0	 0	 0	 0	 0	 0	 0	 0	 
0	 0	 0	 0	 0	 0	 0	 0	 0	 0	 
0	 0	 0	 0	 0	 0	 0	 0	 0	 0	 
0	 0	 0	 0	 0	 0	 0	 0	 0	 0	 
0	 0	 0	 0	 0	 1	 1	 1	 0	 0	 
0	 0	 0	 0	 0	 0	 0	 0	 0	 0	 
0	 0	 0	 0	 0	 0	 0	 0	 0	 0	 
0	 0	 0	 0	 0	 0	 1	 1	 1	 1	 
0	 0	 0	 0	 0	 1	 1	 0	 1	 0	 
0	 0	 0	 0	 0	 1	 0	 1	 0	 1	 

]

Node_TrueDayMat 	 : 	 [
0	 0	 0	 0	 0	 0	 0	 0	 0	 0	 
0	 0	 0	 0	 0	 0	 0	 0	 0	 0	 
0	 0	 0	 0	 0	 0	 0	 0	 0	 0	 
0	 0	 0	 0	 0	 0	 0	 0	 0	 0	 
0	 0	 0	 0	 0	 0	 0	 0	 0	 0	 
0	 0	 0	 0	 0	 0	 0	 0	 0	 0	 
0	 0	 0	 0	 0	 0	 0	 0	 0	 0	 
0	 0	 0	 0	 0	 0	 0	 0	 0	 0	 
0	 0	 0	 0	 0	 0	 0	 0	 0	 0	 
0	 0	 0	 0	 0	 0	 0	 0	 0	 0	 
3	 3	 0	 4	 0	 0	 0	 0	 0	 0	 
4	 0	 3	 0	 4	 0	 0	 0	 0	 0	 
0	 0	 0	 0	 0	 0	 0	 0	 0	 0	 
0	 0	 0	 0	 0	 0	 0	 0	 0	 0	 
0	 0	 0	 0	 0	 0	 0	 0	 0	 0	 
0	 0	 0	 0	 0	 0	 0	 0	 0	 0	 
0	 0	 0	 0	 0	 0	 0	 0	 0	 0	 
0	 0	 0	 0	 0	 0	 0	 0	 0	 0	 
0	 0	 0	 0	 0	 0	 0	 0	 0	 0	 
0	 0	 0	 0	 0	 0	 0	 0	 0	 0	 
0	 0	 0	 0	 0	 0	 0	 0	 0	 0	 
0	 0	 0	 0	 0	 0	 0	 0	 0	 0	 
0	 0	 0	 0	 0	 7	 7	 0	 8	 0	 
0	 0	 0	 0	 0	 8	 0	 7	 0	 8	 

]

ShiftsPerRoute 	 : 	 [
0	 0	 0	 0	 0	 0	 0	 0	 0	 0	 
0	 0	 0	 0	 0	 0	 0	 0	 0	 0	 
0	 0	 0	 0	 0	 0	 0	 0	 0	 0	 

]

