nRoutes 	 : 	 331

RouteMaxDur 	 : 	 3

nBases 	 : 	 1

nInsts 	 : 	 12

nDays 	 : 	 8

TruckDistCalc 	 : 	 0

InstTranslation	  :   	  [ 
13	 14	 15	 16	 17	 18	 19	 20	 21	 22	 23	 24	 
]

DemandReq	 : 	 [ 
0	 1	 1	 0	 1	 0	 1	 0	 0	 
0	 0	 0	 1	 0	 0	 0	 0	 0	 
0	 0	 1	 0	 1	 0	 1	 0	 0	 
0	 1	 0	 0	 0	 0	 0	 0	 0	 
0	 0	 0	 0	 0	 1	 0	 0	 0	 
0	 0	 0	 0	 0	 0	 1	 0	 0	 
0	 1	 0	 1	 0	 1	 0	 1	 0	 
0	 1	 0	 0	 1	 1	 0	 0	 0	 
0	 0	 1	 0	 1	 1	 0	 1	 0	 
0	 0	 0	 0	 0	 1	 0	 0	 0	 
0	 0	 1	 0	 0	 0	 0	 1	 0	 
0	 1	 0	 0	 1	 0	 1	 0	 0	 
]



CargoOnRoute   	  :   	 [
80	 75	 75	 80	 65	 55	 80	 70	 45	 65	 70	 80	 55	 45	 80	 65	 50	 75	 60	 35	 25	 75	 75	 80	 65	 55	 75	 55	 50	 40	 75	 70	 60	 55	 45	 30	 20	 80	 65	 75	 60	 45	 70	 55	 30	 20	 80	 65	 55	 75	 65	 50	 40	 35	 25	 10	 80	 65	 75	 55	 75	 65	 50	 60	 40	 35	 45	 80	 25	 70	 55	 30	 65	 10	 75	 20	 55	 75	 75	 80	 80	 60	 65	 60	 40	 65	 45	 40	 20	 75	 80	 75	 55	 75	 80	 75	 55	 80	 60	 65	 60	 40	 65	 45	 40	 20	 45	 25	 20	 80	 75	 80	 80	 75	 80	 80	 75	 80	 60	 55	 80	 65	 60	 70	 65	 65	 60	 70	 65	 65	 60	 70	 65	 45	 40	 70	 65	 75	 70	 50	 45	 70	 65	 45	 40	 50	 45	 80	 75	 75	 70	 70	 65	 50	 45	 25	 20	 75	 70	 50	 45	 55	 50	 80	 75	 70	 75	 70	 50	 45	 30	 25	 80	 65	 65	 65	 70	 70	 75	 50	 45	 75	 65	 40	 45	 80	 70	 45	 50	 25	 20	 80	 70	 45	 50	 75	 50	 55	 30	 25	 80	 75	 80	 60	 55	 50	 45	 25	 20	 30	 25	 5	 80	 70	 70	 45	 75	 50	 75	 75	 50	 75	 80	 55	 70	 55	 75	 50	 30	 80	 65	 50	 70	 45	 25	 80	 75	 80	 80	 60	 80	 75	 55	 70	 65	 70	 50	 70	 65	 45	 45	 25	 75	 80	 60	 65	 45	 40	 20	 75	 70	 50	 30	 80	 65	 70	 50	 45	 25	 75	 80	 65	 50	 70	 55	 60	 70	 45	 30	 80	 65	 50	 25	 5	 80	 75	 55	 65	 60	 40	 45	 25	 20	 80	 75	 80	 65	 55	 75	 65	 70	 60	 75	 65	 50	 40	 55	 45	 80	 60	 50	 35	 25	 70	 75	 45	 55	 30	 20	 80	 65	 55	 35	 25	 10	 80	 65	 55	 35	 25	 10	 
]

SpotAllowed 	 : 	 [
1	 1	 1	 1	 1	 1	 1	 1	 1	 1	 1	 1	 1	 1	 1	 1	 1	 1	 1	 1	 1	 1	 1	 1	 1	 1	 1	 1	 1	 1	 1	 1	 1	 1	 1	 1	 1	 1	 1	 1	 1	 1	 1	 1	 1	 1	 1	 1	 1	 1	 1	 1	 1	 1	 1	 1	 1	 1	 1	 1	 1	 1	 1	 1	 1	 1	 1	 1	 1	 1	 1	 1	 1	 1	 1	 1	 1	 1	 1	 1	 1	 1	 1	 1	 1	 1	 1	 1	 1	 1	 1	 1	 1	 1	 1	 1	 1	 1	 1	 1	 1	 1	 1	 1	 1	 1	 1	 1	 1	 1	 1	 1	 1	 1	 1	 1	 1	 1	 1	 1	 1	 1	 1	 1	 1	 1	 1	 1	 1	 1	 1	 1	 1	 1	 1	 1	 1	 1	 1	 1	 1	 1	 1	 1	 1	 1	 1	 1	 1	 1	 1	 1	 1	 1	 1	 1	 1	 1	 1	 1	 1	 1	 1	 1	 1	 1	 1	 1	 1	 1	 1	 1	 1	 1	 1	 1	 1	 1	 1	 1	 1	 1	 1	 1	 1	 1	 1	 1	 1	 1	 1	 1	 1	 1	 1	 1	 1	 1	 1	 1	 1	 1	 1	 1	 1	 1	 1	 1	 1	 1	 1	 1	 1	 1	 1	 1	 1	 1	 1	 1	 1	 1	 1	 1	 1	 1	 1	 1	 1	 1	 1	 1	 1	 1	 1	 1	 1	 1	 1	 1	 1	 1	 1	 1	 1	 1	 1	 1	 1	 1	 1	 1	 1	 1	 1	 1	 1	 1	 1	 1	 1	 1	 1	 1	 1	 1	 1	 1	 1	 1	 1	 1	 1	 1	 1	 1	 1	 1	 1	 1	 1	 1	 1	 1	 1	 1	 1	 1	 1	 1	 1	 1	 1	 1	 1	 1	 1	 1	 1	 1	 1	 1	 1	 1	 1	 1	 1	 1	 1	 1	 1	 1	 1	 1	 1	 1	 1	 1	 1	 1	 1	 1	 1	 1	 1	 1	 1	 1	 1	 1	 1	 
]

DayAtPos 	 : 	 [
2	 2	 2	 2	 2	 2	 0	 0	 0	 0	 0	 0	 0	 0	 3	 0	 0	 0	 0	 0	 0	 0	 0	 0	 0	 0	 0	 0	 0	 0	 3	 0	 0	 0	 0	 0	 0	 0	 0	 3	 0	 0	 0	 0	 0	 0	 3	 3	 3	 0	 0	 0	 0	 0	 0	 0	 3	 3	 3	 3	 0	 0	 0	 0	 0	 0	 0	 0	 0	 0	 0	 0	 0	 0	 0	 0	 0	 0	 5	 0	 0	 0	 0	 0	 0	 0	 0	 0	 0	 0	 0	 0	 0	 5	 5	 5	 5	 0	 0	 0	 0	 0	 0	 0	 0	 0	 0	 0	 0	 5	 5	 5	 5	 5	 5	 5	 5	 5	 5	 5	 0	 0	 0	 0	 0	 0	 0	 0	 0	 0	 0	 0	 0	 0	 0	 0	 0	 0	 0	 0	 0	 0	 0	 0	 0	 0	 0	 0	 0	 0	 0	 0	 0	 0	 0	 0	 0	 0	 0	 0	 0	 0	 0	 0	 0	 0	 0	 0	 0	 0	 0	 0	 0	 0	 0	 0	 0	 0	 0	 0	 0	 0	 0	 0	 0	 0	 0	 0	 0	 0	 0	 0	 0	 0	 0	 0	 0	 0	 0	 0	 0	 0	 0	 0	 0	 0	 0	 0	 0	 0	 0	 0	 0	 0	 0	 0	 0	 0	 0	 0	 0	 0	 0	 0	 0	 0	 0	 0	 0	 7	 0	 0	 0	 0	 0	 0	 0	 0	 0	 0	 0	 0	 0	 0	 0	 0	 0	 0	 0	 0	 0	 0	 7	 0	 0	 0	 0	 0	 0	 0	 0	 0	 0	 7	 0	 0	 0	 0	 0	 0	 7	 0	 0	 0	 0	 7	 0	 0	 0	 7	 0	 0	 0	 0	 7	 7	 7	 0	 0	 0	 0	 0	 0	 7	 7	 7	 7	 7	 0	 0	 0	 0	 0	 0	 0	 0	 0	 0	 0	 0	 0	 0	 0	 0	 0	 0	 0	 0	 0	 0	 0	 0	 0	 0	 0	 0	 0	 0	 0	 0	 0	 
0	 0	 0	 0	 0	 0	 0	 0	 0	 0	 0	 0	 0	 0	 0	 0	 0	 0	 0	 0	 0	 0	 0	 0	 0	 0	 0	 0	 0	 0	 0	 0	 0	 0	 0	 0	 0	 0	 0	 0	 0	 0	 0	 0	 0	 0	 0	 0	 0	 0	 0	 0	 0	 0	 0	 0	 0	 0	 4	 0	 0	 0	 0	 4	 0	 0	 4	 0	 0	 4	 4	 4	 0	 0	 4	 4	 0	 4	 4	 4	 4	 4	 4	 4	 4	 4	 4	 4	 4	 0	 0	 0	 0	 0	 0	 0	 0	 0	 0	 0	 0	 0	 0	 0	 0	 0	 0	 0	 0	 0	 0	 0	 0	 0	 0	 0	 0	 0	 0	 0	 0	 0	 0	 0	 0	 0	 0	 0	 0	 0	 0	 0	 0	 0	 0	 0	 0	 0	 0	 0	 0	 0	 0	 0	 0	 0	 0	 0	 0	 0	 0	 0	 0	 0	 0	 0	 0	 0	 0	 0	 0	 0	 0	 0	 0	 0	 0	 0	 0	 0	 0	 0	 0	 0	 0	 0	 0	 0	 0	 0	 0	 0	 0	 0	 0	 0	 0	 0	 0	 0	 0	 0	 0	 0	 0	 0	 0	 0	 0	 0	 0	 0	 0	 0	 0	 0	 0	 0	 0	 0	 0	 0	 0	 0	 0	 0	 0	 0	 0	 0	 0	 0	 0	 0	 0	 0	 0	 0	 0	 0	 0	 0	 0	 0	 0	 0	 0	 0	 0	 0	 0	 0	 0	 0	 0	 0	 0	 0	 0	 0	 0	 0	 0	 0	 0	 0	 0	 0	 0	 0	 0	 0	 0	 0	 0	 0	 0	 0	 0	 0	 0	 0	 0	 0	 0	 0	 0	 0	 0	 0	 0	 0	 0	 0	 0	 0	 0	 0	 0	 0	 0	 0	 0	 0	 0	 0	 0	 0	 0	 0	 0	 0	 0	 0	 0	 0	 0	 0	 0	 0	 0	 0	 0	 0	 0	 0	 0	 0	 0	 0	 0	 0	 0	 0	 0	 0	 0	 0	 0	 0	 0	 
0	 0	 0	 0	 0	 0	 0	 0	 0	 0	 0	 0	 0	 0	 0	 3	 0	 3	 0	 0	 0	 0	 0	 0	 0	 0	 0	 0	 0	 0	 0	 3	 3	 0	 0	 0	 0	 3	 0	 0	 3	 0	 3	 0	 0	 0	 0	 0	 0	 3	 3	 3	 3	 0	 0	 0	 0	 0	 0	 0	 3	 3	 3	 3	 3	 0	 0	 0	 0	 3	 0	 0	 0	 0	 0	 0	 0	 0	 0	 5	 5	 5	 0	 0	 0	 0	 0	 0	 0	 0	 0	 0	 0	 0	 0	 0	 0	 5	 5	 5	 5	 5	 0	 0	 0	 0	 0	 0	 0	 0	 0	 0	 0	 0	 0	 0	 0	 0	 0	 0	 5	 5	 5	 5	 5	 5	 5	 5	 5	 5	 5	 5	 5	 5	 5	 0	 0	 0	 0	 0	 0	 0	 0	 0	 0	 0	 0	 0	 0	 0	 0	 0	 0	 0	 0	 0	 0	 0	 0	 0	 0	 0	 0	 0	 0	 0	 0	 0	 0	 0	 0	 0	 5	 0	 0	 0	 0	 0	 0	 0	 0	 0	 0	 0	 0	 0	 0	 0	 0	 0	 0	 0	 0	 0	 0	 0	 0	 0	 0	 0	 0	 0	 0	 0	 0	 0	 0	 0	 0	 0	 0	 0	 0	 0	 0	 0	 0	 0	 0	 0	 0	 0	 0	 0	 7	 0	 0	 0	 0	 0	 7	 0	 0	 0	 0	 0	 0	 0	 0	 0	 0	 0	 0	 0	 0	 0	 0	 0	 0	 0	 0	 0	 0	 7	 7	 0	 0	 0	 0	 0	 0	 0	 0	 0	 7	 0	 0	 0	 0	 0	 0	 7	 0	 7	 0	 0	 7	 7	 0	 0	 7	 0	 0	 0	 0	 0	 0	 7	 7	 7	 0	 0	 0	 0	 0	 0	 0	 0	 7	 7	 7	 7	 7	 7	 7	 7	 0	 0	 0	 0	 0	 0	 0	 0	 0	 0	 0	 0	 0	 0	 0	 0	 0	 0	 0	 0	 0	 0	 0	 0	 0	 
2	 0	 0	 0	 0	 0	 2	 2	 2	 2	 2	 2	 2	 2	 2	 2	 2	 2	 2	 2	 2	 0	 0	 0	 0	 0	 2	 2	 0	 0	 0	 0	 0	 0	 0	 0	 0	 0	 0	 0	 0	 0	 0	 0	 0	 0	 0	 0	 0	 0	 0	 0	 0	 0	 0	 0	 0	 0	 0	 0	 0	 0	 0	 0	 0	 0	 0	 0	 0	 0	 0	 0	 0	 0	 0	 0	 0	 0	 0	 0	 0	 0	 0	 0	 0	 0	 0	 0	 0	 0	 0	 0	 0	 0	 0	 0	 0	 0	 0	 0	 0	 0	 0	 0	 0	 0	 0	 0	 0	 0	 0	 0	 0	 0	 0	 0	 0	 0	 0	 0	 0	 0	 0	 0	 0	 0	 0	 0	 0	 0	 0	 0	 0	 0	 0	 0	 0	 0	 0	 0	 0	 0	 0	 0	 0	 0	 0	 0	 0	 0	 0	 0	 0	 0	 0	 0	 0	 0	 0	 0	 0	 0	 0	 0	 0	 0	 0	 0	 0	 0	 0	 0	 0	 0	 0	 0	 0	 0	 0	 0	 0	 0	 0	 0	 0	 0	 0	 0	 0	 0	 0	 0	 0	 0	 0	 0	 0	 0	 0	 0	 0	 0	 0	 0	 0	 0	 0	 0	 0	 0	 0	 0	 0	 0	 0	 0	 0	 0	 0	 0	 0	 0	 0	 0	 0	 0	 0	 0	 0	 0	 0	 0	 0	 0	 0	 0	 0	 0	 0	 0	 0	 0	 0	 0	 0	 0	 0	 0	 0	 0	 0	 0	 0	 0	 0	 0	 0	 0	 0	 0	 0	 0	 0	 0	 0	 0	 0	 0	 0	 0	 0	 0	 0	 0	 0	 0	 0	 0	 0	 0	 0	 0	 0	 0	 0	 0	 0	 0	 0	 0	 0	 0	 0	 0	 0	 0	 0	 0	 0	 0	 0	 0	 0	 0	 0	 0	 0	 0	 0	 0	 0	 0	 0	 0	 0	 0	 0	 0	 0	 0	 0	 0	 0	 0	 0	 0	 0	 0	 0	 0	 0	 
0	 0	 0	 0	 0	 0	 0	 0	 0	 0	 0	 0	 0	 0	 0	 0	 0	 0	 0	 0	 0	 0	 0	 0	 0	 0	 0	 0	 0	 0	 0	 0	 0	 0	 0	 0	 0	 0	 0	 0	 0	 0	 0	 0	 0	 0	 0	 0	 0	 0	 0	 0	 0	 0	 0	 0	 0	 0	 0	 0	 0	 0	 0	 0	 0	 0	 0	 0	 0	 0	 0	 0	 0	 0	 0	 0	 0	 0	 0	 0	 0	 0	 0	 0	 0	 0	 0	 0	 0	 0	 0	 0	 0	 0	 0	 0	 0	 0	 0	 0	 0	 0	 0	 0	 0	 0	 0	 0	 0	 0	 0	 0	 0	 0	 6	 0	 0	 0	 0	 0	 0	 0	 0	 0	 0	 0	 0	 6	 6	 0	 0	 0	 0	 0	 0	 0	 0	 6	 6	 0	 0	 6	 6	 0	 0	 6	 6	 0	 0	 6	 6	 0	 0	 0	 0	 0	 0	 6	 6	 0	 0	 6	 6	 0	 6	 6	 0	 0	 0	 0	 0	 0	 0	 0	 0	 6	 6	 6	 6	 6	 6	 0	 0	 0	 0	 0	 0	 0	 0	 0	 0	 6	 6	 6	 6	 6	 6	 6	 6	 6	 0	 0	 0	 0	 0	 0	 0	 0	 0	 0	 0	 0	 6	 6	 6	 6	 6	 6	 6	 6	 6	 6	 6	 6	 6	 6	 6	 6	 6	 6	 6	 6	 6	 6	 6	 0	 0	 0	 0	 0	 0	 0	 0	 6	 6	 0	 0	 0	 0	 0	 0	 0	 0	 0	 0	 0	 0	 0	 0	 6	 6	 0	 0	 0	 0	 0	 0	 0	 0	 0	 0	 0	 0	 0	 0	 0	 0	 0	 0	 0	 0	 0	 0	 0	 0	 0	 0	 0	 0	 0	 0	 0	 0	 0	 0	 0	 0	 0	 0	 0	 0	 0	 0	 0	 0	 0	 0	 0	 0	 0	 0	 0	 0	 0	 0	 0	 0	 0	 0	 0	 0	 0	 0	 0	 0	 0	 0	 0	 0	 0	 0	 
0	 0	 0	 0	 0	 0	 0	 0	 0	 0	 0	 0	 0	 0	 0	 0	 0	 0	 0	 0	 0	 0	 0	 0	 0	 0	 0	 0	 0	 0	 0	 0	 0	 0	 0	 0	 0	 0	 0	 0	 0	 0	 0	 0	 0	 0	 0	 0	 0	 0	 0	 0	 0	 0	 0	 0	 0	 0	 0	 0	 0	 0	 0	 0	 0	 0	 0	 0	 0	 0	 0	 0	 0	 0	 0	 0	 0	 0	 0	 0	 0	 0	 0	 0	 0	 0	 0	 0	 0	 0	 0	 0	 0	 0	 0	 0	 0	 0	 0	 0	 0	 0	 0	 0	 0	 0	 0	 0	 0	 0	 0	 0	 0	 0	 0	 0	 0	 0	 0	 0	 0	 0	 0	 0	 0	 0	 0	 0	 0	 0	 0	 0	 0	 0	 0	 0	 0	 0	 0	 0	 0	 0	 0	 0	 0	 0	 0	 0	 0	 0	 0	 0	 0	 0	 0	 0	 0	 0	 0	 0	 0	 0	 0	 0	 0	 0	 0	 0	 0	 0	 0	 0	 0	 0	 0	 0	 0	 0	 0	 0	 0	 0	 0	 0	 0	 0	 0	 0	 0	 0	 0	 0	 0	 0	 0	 0	 0	 0	 0	 0	 0	 0	 0	 0	 0	 0	 0	 0	 0	 0	 0	 0	 0	 0	 7	 0	 7	 0	 0	 7	 0	 0	 7	 0	 0	 7	 7	 0	 0	 0	 0	 7	 7	 0	 0	 0	 0	 0	 0	 0	 7	 0	 0	 0	 0	 0	 0	 7	 0	 0	 0	 0	 0	 0	 0	 7	 7	 0	 0	 0	 0	 0	 0	 0	 0	 7	 7	 0	 0	 7	 0	 0	 7	 0	 7	 0	 7	 0	 7	 0	 0	 7	 0	 0	 7	 0	 0	 7	 0	 0	 7	 7	 0	 7	 0	 0	 0	 0	 7	 7	 0	 0	 0	 0	 0	 0	 7	 7	 7	 7	 7	 7	 7	 7	 0	 0	 0	 0	 0	 0	 0	 0	 0	 0	 0	 0	 0	 0	 0	 0	 0	 
0	 0	 0	 0	 0	 0	 2	 0	 0	 0	 0	 0	 0	 0	 0	 0	 0	 0	 0	 0	 0	 2	 2	 2	 2	 2	 0	 0	 0	 0	 0	 0	 0	 0	 0	 0	 0	 0	 0	 0	 0	 0	 0	 0	 0	 0	 0	 0	 0	 0	 0	 0	 0	 0	 0	 0	 0	 0	 0	 0	 0	 0	 0	 0	 0	 0	 0	 4	 0	 0	 0	 0	 4	 0	 4	 0	 4	 4	 0	 0	 0	 0	 0	 0	 0	 0	 0	 0	 0	 4	 4	 4	 4	 0	 0	 0	 0	 0	 0	 0	 0	 0	 0	 0	 0	 0	 0	 0	 0	 0	 0	 0	 0	 0	 0	 0	 0	 0	 0	 0	 0	 0	 0	 0	 0	 0	 0	 0	 0	 0	 0	 0	 0	 0	 0	 0	 0	 0	 0	 0	 0	 0	 0	 0	 0	 0	 0	 6	 6	 0	 0	 0	 0	 0	 0	 0	 0	 0	 0	 0	 0	 0	 0	 6	 0	 0	 0	 0	 0	 0	 0	 0	 0	 0	 0	 0	 0	 0	 0	 0	 0	 6	 0	 0	 0	 6	 0	 0	 0	 0	 0	 6	 0	 0	 0	 0	 0	 0	 0	 0	 6	 6	 6	 6	 6	 0	 0	 0	 0	 0	 0	 0	 6	 0	 0	 0	 0	 0	 0	 0	 0	 0	 0	 0	 0	 0	 0	 0	 0	 0	 0	 0	 0	 0	 0	 6	 6	 6	 6	 6	 6	 6	 6	 0	 0	 0	 0	 0	 0	 0	 0	 0	 0	 0	 0	 0	 0	 0	 0	 0	 0	 0	 0	 0	 0	 0	 0	 0	 0	 0	 0	 0	 0	 0	 0	 0	 0	 0	 0	 0	 0	 0	 0	 0	 0	 0	 0	 0	 0	 0	 0	 0	 0	 0	 0	 0	 0	 0	 0	 0	 0	 0	 0	 0	 0	 0	 0	 0	 8	 0	 0	 0	 0	 0	 8	 0	 0	 0	 0	 8	 8	 8	 0	 0	 0	 8	 8	 8	 0	 0	 0	 
0	 2	 0	 0	 0	 0	 0	 2	 2	 2	 0	 0	 0	 0	 0	 0	 0	 0	 0	 0	 0	 2	 0	 0	 0	 0	 2	 2	 2	 2	 2	 2	 2	 2	 2	 2	 2	 2	 2	 0	 0	 0	 0	 0	 0	 0	 0	 0	 0	 0	 0	 0	 0	 0	 0	 0	 0	 0	 0	 0	 0	 0	 0	 0	 0	 0	 0	 0	 0	 0	 0	 0	 0	 0	 0	 0	 0	 0	 0	 5	 0	 0	 5	 5	 5	 0	 0	 0	 0	 5	 0	 0	 0	 5	 0	 0	 0	 5	 5	 0	 0	 0	 5	 5	 5	 5	 0	 0	 0	 5	 5	 0	 0	 0	 0	 6	 6	 0	 0	 0	 5	 5	 5	 0	 0	 0	 0	 0	 0	 6	 6	 0	 0	 0	 0	 5	 5	 5	 5	 5	 5	 5	 5	 5	 5	 5	 5	 5	 5	 5	 5	 6	 6	 5	 5	 5	 5	 0	 0	 0	 0	 0	 0	 0	 6	 6	 6	 6	 6	 6	 0	 0	 6	 5	 6	 6	 0	 6	 0	 0	 0	 0	 6	 6	 0	 0	 6	 6	 0	 0	 0	 0	 6	 6	 0	 6	 6	 0	 0	 0	 6	 6	 0	 0	 0	 6	 6	 6	 6	 0	 0	 0	 0	 6	 6	 6	 0	 0	 6	 6	 6	 6	 0	 0	 0	 0	 0	 0	 0	 0	 0	 0	 0	 0	 0	 6	 6	 0	 0	 0	 0	 0	 0	 6	 6	 6	 6	 6	 6	 6	 6	 6	 6	 6	 6	 6	 6	 6	 6	 0	 0	 0	 0	 0	 0	 0	 0	 0	 0	 6	 6	 6	 6	 0	 0	 0	 0	 0	 0	 0	 0	 0	 0	 0	 0	 0	 0	 0	 0	 0	 0	 0	 0	 0	 0	 0	 0	 0	 0	 0	 0	 0	 0	 0	 0	 0	 0	 0	 0	 0	 0	 0	 0	 0	 0	 0	 0	 0	 0	 0	 0	 0	 0	 0	 0	 0	 0	 0	 0	 0	 0	 
0	 0	 0	 3	 0	 0	 0	 3	 0	 0	 3	 3	 0	 0	 0	 0	 3	 0	 3	 0	 0	 0	 0	 3	 0	 0	 0	 0	 0	 0	 0	 0	 0	 3	 3	 0	 0	 0	 3	 0	 0	 3	 0	 3	 0	 0	 3	 0	 0	 3	 3	 0	 0	 3	 3	 0	 3	 0	 0	 0	 3	 3	 0	 0	 0	 3	 3	 3	 3	 0	 3	 0	 0	 0	 0	 0	 0	 0	 0	 0	 0	 0	 5	 0	 0	 5	 5	 0	 0	 0	 5	 0	 0	 0	 5	 0	 0	 0	 0	 5	 0	 0	 5	 5	 0	 0	 5	 5	 0	 0	 0	 5	 0	 0	 0	 0	 0	 6	 0	 0	 0	 0	 0	 5	 5	 0	 0	 0	 0	 0	 0	 6	 6	 0	 0	 5	 5	 5	 5	 5	 5	 0	 0	 0	 0	 0	 0	 0	 0	 6	 6	 6	 6	 6	 6	 0	 0	 5	 5	 5	 5	 5	 5	 5	 5	 5	 6	 6	 5	 5	 5	 5	 0	 6	 5	 0	 6	 0	 6	 0	 0	 0	 6	 0	 6	 0	 6	 0	 6	 0	 0	 0	 6	 0	 6	 6	 0	 6	 0	 0	 0	 0	 6	 0	 0	 6	 6	 0	 0	 6	 6	 0	 0	 6	 0	 0	 6	 6	 6	 0	 0	 6	 6	 6	 0	 0	 0	 0	 0	 0	 0	 0	 0	 0	 0	 0	 0	 6	 0	 0	 0	 0	 0	 0	 0	 6	 6	 6	 6	 6	 0	 0	 0	 0	 0	 0	 0	 0	 0	 6	 6	 6	 6	 6	 6	 6	 6	 6	 6	 6	 0	 0	 0	 6	 6	 0	 0	 0	 0	 0	 0	 0	 0	 0	 0	 0	 0	 0	 0	 0	 0	 0	 0	 0	 0	 8	 0	 0	 0	 0	 0	 0	 8	 8	 0	 0	 0	 0	 0	 8	 8	 0	 0	 8	 0	 8	 8	 0	 0	 8	 0	 0	 8	 8	 0	 8	 0	 0	 8	 8	 0	 
0	 0	 0	 0	 0	 0	 0	 0	 0	 0	 0	 0	 0	 0	 0	 0	 0	 0	 0	 0	 0	 0	 0	 0	 0	 0	 0	 0	 0	 0	 0	 0	 0	 0	 0	 0	 0	 0	 0	 0	 0	 0	 0	 0	 0	 0	 0	 0	 0	 0	 0	 0	 0	 0	 0	 0	 0	 0	 0	 0	 0	 0	 0	 0	 0	 0	 0	 0	 0	 0	 0	 0	 0	 0	 0	 0	 0	 0	 0	 0	 0	 0	 0	 0	 0	 0	 0	 0	 0	 0	 0	 0	 0	 0	 0	 0	 0	 0	 0	 0	 0	 0	 0	 0	 0	 0	 0	 0	 0	 6	 0	 0	 6	 0	 0	 6	 0	 0	 6	 0	 0	 6	 0	 6	 0	 6	 0	 6	 0	 6	 0	 6	 0	 6	 0	 6	 0	 6	 0	 6	 0	 6	 0	 6	 0	 6	 0	 6	 0	 6	 0	 6	 0	 6	 0	 6	 0	 6	 0	 6	 0	 6	 0	 0	 6	 0	 6	 0	 6	 0	 6	 0	 0	 0	 0	 0	 0	 6	 6	 6	 0	 0	 0	 0	 0	 6	 6	 6	 6	 6	 0	 0	 0	 0	 0	 6	 6	 6	 6	 0	 6	 0	 0	 6	 0	 6	 0	 6	 0	 6	 0	 6	 0	 0	 0	 0	 0	 0	 6	 6	 6	 6	 6	 6	 6	 6	 6	 6	 6	 0	 0	 0	 0	 0	 0	 6	 0	 0	 6	 6	 0	 0	 0	 6	 0	 6	 6	 0	 0	 0	 6	 6	 0	 0	 0	 0	 0	 0	 0	 6	 0	 6	 6	 0	 0	 0	 0	 0	 0	 6	 6	 6	 6	 6	 6	 6	 6	 6	 6	 6	 6	 6	 6	 6	 0	 0	 0	 0	 0	 0	 0	 0	 0	 0	 0	 0	 0	 0	 0	 0	 0	 0	 0	 0	 0	 0	 0	 0	 0	 0	 0	 0	 0	 0	 0	 0	 0	 0	 0	 0	 0	 0	 0	 0	 0	 0	 0	 0	 0	 0	 0	 
0	 0	 0	 0	 3	 0	 0	 0	 0	 0	 0	 3	 3	 0	 0	 0	 0	 3	 3	 3	 0	 0	 0	 0	 3	 0	 3	 3	 3	 0	 0	 3	 0	 3	 0	 3	 0	 0	 0	 0	 0	 0	 3	 3	 3	 0	 0	 3	 0	 3	 0	 3	 0	 3	 0	 3	 0	 3	 0	 0	 3	 0	 3	 0	 0	 3	 0	 0	 0	 3	 3	 3	 3	 3	 0	 0	 0	 0	 0	 0	 0	 0	 0	 0	 0	 0	 0	 0	 0	 0	 0	 0	 0	 0	 0	 0	 0	 0	 0	 0	 0	 0	 0	 0	 0	 0	 0	 0	 0	 0	 0	 0	 0	 0	 0	 0	 0	 0	 0	 0	 0	 0	 0	 0	 0	 0	 0	 0	 0	 0	 0	 0	 0	 0	 0	 0	 0	 0	 0	 0	 0	 0	 0	 0	 0	 0	 0	 0	 0	 0	 0	 0	 0	 0	 0	 0	 0	 0	 0	 0	 0	 0	 0	 0	 0	 0	 0	 0	 0	 0	 0	 0	 0	 0	 0	 0	 0	 0	 0	 0	 0	 0	 0	 0	 0	 0	 0	 0	 0	 0	 0	 0	 0	 0	 0	 0	 0	 0	 0	 0	 0	 0	 0	 0	 0	 0	 0	 0	 0	 0	 0	 0	 0	 0	 0	 0	 0	 0	 0	 0	 0	 0	 0	 0	 0	 0	 0	 0	 0	 0	 0	 0	 0	 0	 0	 0	 0	 0	 0	 0	 0	 0	 0	 0	 0	 0	 0	 0	 0	 0	 0	 0	 0	 0	 0	 0	 0	 0	 0	 0	 0	 0	 0	 0	 0	 0	 0	 0	 0	 0	 0	 0	 0	 0	 0	 0	 0	 0	 0	 0	 0	 0	 0	 0	 0	 0	 0	 0	 0	 0	 0	 0	 0	 0	 0	 0	 8	 0	 8	 0	 8	 0	 8	 0	 8	 0	 8	 0	 0	 8	 0	 8	 0	 0	 0	 0	 8	 8	 0	 0	 8	 0	 8	 0	 8	 0	 8	 0	 8	 0	 8	 
0	 0	 2	 0	 0	 0	 0	 0	 0	 2	 2	 2	 2	 2	 0	 0	 0	 0	 0	 0	 0	 0	 2	 0	 0	 0	 2	 0	 2	 2	 0	 0	 0	 0	 0	 0	 0	 2	 2	 2	 2	 2	 2	 2	 2	 2	 0	 0	 0	 0	 0	 0	 0	 0	 0	 0	 0	 0	 0	 0	 0	 0	 0	 0	 0	 0	 0	 0	 0	 0	 0	 0	 0	 0	 0	 0	 0	 0	 0	 0	 5	 0	 0	 5	 0	 5	 0	 5	 0	 0	 0	 5	 0	 0	 0	 5	 0	 5	 0	 0	 5	 0	 5	 0	 5	 0	 5	 0	 5	 0	 0	 0	 5	 5	 0	 0	 0	 0	 0	 0	 5	 0	 0	 0	 0	 5	 5	 0	 0	 0	 0	 0	 0	 0	 0	 5	 5	 0	 0	 0	 0	 5	 5	 5	 5	 0	 0	 0	 0	 0	 0	 0	 0	 0	 0	 0	 0	 5	 5	 5	 5	 0	 0	 0	 0	 0	 0	 0	 0	 0	 0	 0	 5	 5	 5	 5	 5	 5	 5	 5	 5	 5	 5	 5	 5	 5	 5	 5	 5	 5	 5	 0	 0	 0	 0	 0	 0	 0	 0	 0	 0	 0	 0	 0	 0	 0	 0	 0	 0	 0	 0	 0	 0	 0	 0	 0	 0	 0	 0	 0	 0	 0	 0	 0	 0	 0	 7	 7	 0	 0	 0	 0	 7	 7	 0	 0	 0	 0	 7	 0	 0	 7	 0	 7	 7	 7	 0	 0	 7	 0	 7	 0	 0	 7	 0	 7	 0	 7	 0	 7	 7	 7	 0	 0	 0	 7	 0	 7	 0	 0	 0	 0	 0	 0	 0	 0	 0	 0	 0	 7	 7	 7	 7	 0	 0	 7	 0	 0	 7	 0	 7	 0	 7	 0	 7	 0	 0	 0	 0	 0	 7	 7	 0	 0	 0	 0	 7	 7	 0	 0	 0	 0	 0	 7	 7	 7	 7	 7	 7	 0	 0	 0	 0	 0	 0	 0	 0	 0	 0	 0	 0	 
]

RouteBaseStart 	 : 	 [
1	 1	 1	 1	 1	 1	 1	 1	 1	 1	 1	 1	 1	 1	 1	 1	 1	 1	 1	 1	 1	 1	 1	 1	 1	 1	 1	 1	 1	 1	 1	 1	 1	 1	 1	 1	 1	 1	 1	 1	 1	 1	 1	 1	 1	 1	 1	 1	 1	 1	 1	 1	 1	 1	 1	 1	 1	 1	 1	 1	 1	 1	 1	 1	 1	 1	 1	 1	 1	 1	 1	 1	 1	 1	 1	 1	 1	 1	 1	 1	 1	 1	 1	 1	 1	 1	 1	 1	 1	 1	 1	 1	 1	 1	 1	 1	 1	 1	 1	 1	 1	 1	 1	 1	 1	 1	 1	 1	 1	 1	 1	 1	 1	 1	 1	 1	 1	 1	 1	 1	 1	 1	 1	 1	 1	 1	 1	 1	 1	 1	 1	 1	 1	 1	 1	 1	 1	 1	 1	 1	 1	 1	 1	 1	 1	 1	 1	 1	 1	 1	 1	 1	 1	 1	 1	 1	 1	 1	 1	 1	 1	 1	 1	 1	 1	 1	 1	 1	 1	 1	 1	 1	 1	 1	 1	 1	 1	 1	 1	 1	 1	 1	 1	 1	 1	 1	 1	 1	 1	 1	 1	 1	 1	 1	 1	 1	 1	 1	 1	 1	 1	 1	 1	 1	 1	 1	 1	 1	 1	 1	 1	 1	 1	 1	 1	 1	 1	 1	 1	 1	 1	 1	 1	 1	 1	 1	 1	 1	 1	 1	 1	 1	 1	 1	 1	 1	 1	 1	 1	 1	 1	 1	 1	 1	 1	 1	 1	 1	 1	 1	 1	 1	 1	 1	 1	 1	 1	 1	 1	 1	 1	 1	 1	 1	 1	 1	 1	 1	 1	 1	 1	 1	 1	 1	 1	 1	 1	 1	 1	 1	 1	 1	 1	 1	 1	 1	 1	 1	 1	 1	 1	 1	 1	 1	 1	 1	 1	 1	 1	 1	 1	 1	 1	 1	 1	 1	 1	 1	 1	 1	 1	 1	 1	 1	 1	 1	 1	 1	 1	 1	 1	 1	 1	 1	 1	 1	 1	 1	 1	 1	 1	 
]

RouteBaseEnd	 : 	 [
1	 1	 1	 1	 1	 1	 1	 1	 1	 1	 1	 1	 1	 1	 1	 1	 1	 1	 1	 1	 1	 1	 1	 1	 1	 1	 1	 1	 1	 1	 1	 1	 1	 1	 1	 1	 1	 1	 1	 1	 1	 1	 1	 1	 1	 1	 1	 1	 1	 1	 1	 1	 1	 1	 1	 1	 1	 1	 1	 1	 1	 1	 1	 1	 1	 1	 1	 1	 1	 1	 1	 1	 1	 1	 1	 1	 1	 1	 1	 1	 1	 1	 1	 1	 1	 1	 1	 1	 1	 1	 1	 1	 1	 1	 1	 1	 1	 1	 1	 1	 1	 1	 1	 1	 1	 1	 1	 1	 1	 1	 1	 1	 1	 1	 1	 1	 1	 1	 1	 1	 1	 1	 1	 1	 1	 1	 1	 1	 1	 1	 1	 1	 1	 1	 1	 1	 1	 1	 1	 1	 1	 1	 1	 1	 1	 1	 1	 1	 1	 1	 1	 1	 1	 1	 1	 1	 1	 1	 1	 1	 1	 1	 1	 1	 1	 1	 1	 1	 1	 1	 1	 1	 1	 1	 1	 1	 1	 1	 1	 1	 1	 1	 1	 1	 1	 1	 1	 1	 1	 1	 1	 1	 1	 1	 1	 1	 1	 1	 1	 1	 1	 1	 1	 1	 1	 1	 1	 1	 1	 1	 1	 1	 1	 1	 1	 1	 1	 1	 1	 1	 1	 1	 1	 1	 1	 1	 1	 1	 1	 1	 1	 1	 1	 1	 1	 1	 1	 1	 1	 1	 1	 1	 1	 1	 1	 1	 1	 1	 1	 1	 1	 1	 1	 1	 1	 1	 1	 1	 1	 1	 1	 1	 1	 1	 1	 1	 1	 1	 1	 1	 1	 1	 1	 1	 1	 1	 1	 1	 1	 1	 1	 1	 1	 1	 1	 1	 1	 1	 1	 1	 1	 1	 1	 1	 1	 1	 1	 1	 1	 1	 1	 1	 1	 1	 1	 1	 1	 1	 1	 1	 1	 1	 1	 1	 1	 1	 1	 1	 1	 1	 1	 1	 1	 1	 1	 1	 1	 1	 1	 1	 1	 
]

RouteStartDays 	 : 	 [
1	 1	 1	 1	 1	 1	 1	 1	 1	 1	 1	 1	 1	 1	 1	 1	 1	 1	 1	 1	 1	 1	 1	 1	 1	 1	 1	 1	 1	 1	 1	 1	 1	 1	 1	 1	 1	 1	 1	 1	 1	 1	 1	 1	 1	 1	 1	 1	 1	 1	 1	 1	 1	 1	 1	 1	 2	 2	 2	 2	 2	 2	 2	 2	 2	 2	 2	 2	 2	 2	 2	 2	 2	 2	 2	 2	 2	 3	 3	 3	 3	 3	 3	 3	 3	 3	 3	 3	 3	 3	 3	 3	 3	 3	 3	 3	 3	 3	 3	 3	 3	 3	 3	 3	 3	 3	 3	 3	 3	 4	 4	 4	 4	 4	 4	 4	 4	 4	 4	 4	 4	 4	 4	 4	 4	 4	 4	 4	 4	 4	 4	 4	 4	 4	 4	 4	 4	 4	 4	 4	 4	 4	 4	 4	 4	 4	 4	 4	 4	 4	 4	 4	 4	 4	 4	 4	 4	 4	 4	 4	 4	 4	 4	 4	 4	 4	 4	 4	 4	 4	 4	 4	 4	 4	 4	 4	 4	 4	 4	 4	 4	 4	 4	 4	 4	 4	 4	 4	 4	 4	 4	 4	 4	 4	 4	 4	 4	 4	 4	 4	 4	 4	 4	 4	 4	 4	 4	 4	 4	 4	 4	 4	 5	 5	 5	 5	 5	 5	 5	 5	 5	 5	 5	 5	 5	 5	 5	 5	 5	 5	 5	 5	 5	 5	 5	 5	 5	 5	 5	 5	 5	 5	 5	 5	 5	 5	 5	 5	 5	 5	 5	 5	 5	 5	 5	 5	 5	 5	 5	 5	 5	 5	 5	 5	 5	 5	 5	 5	 5	 5	 5	 5	 5	 5	 5	 5	 5	 5	 5	 5	 5	 5	 5	 5	 5	 5	 5	 5	 5	 5	 5	 5	 5	 6	 6	 6	 6	 6	 6	 6	 6	 6	 6	 6	 6	 6	 6	 6	 6	 6	 6	 6	 6	 6	 6	 6	 6	 6	 6	 6	 6	 6	 6	 6	 6	 7	 7	 7	 7	 7	 7	 
]

RouteEndDays 	 : 	 [
3	 3	 3	 4	 4	 3	 3	 4	 3	 3	 4	 4	 4	 3	 4	 4	 4	 4	 4	 4	 3	 3	 3	 4	 4	 3	 4	 4	 4	 3	 4	 4	 4	 4	 4	 4	 3	 4	 4	 4	 4	 4	 4	 4	 4	 3	 4	 4	 4	 4	 4	 4	 4	 4	 4	 4	 4	 4	 5	 4	 4	 4	 4	 5	 4	 4	 5	 5	 4	 5	 5	 5	 5	 4	 5	 5	 5	 5	 6	 6	 6	 6	 6	 6	 6	 6	 6	 6	 5	 6	 6	 6	 5	 6	 6	 6	 6	 6	 6	 6	 6	 6	 6	 6	 6	 6	 6	 6	 6	 7	 6	 6	 7	 6	 7	 7	 7	 7	 7	 6	 6	 7	 6	 7	 6	 7	 6	 7	 7	 7	 7	 7	 7	 7	 6	 7	 6	 7	 7	 7	 6	 7	 7	 7	 6	 7	 7	 7	 7	 7	 7	 7	 7	 7	 7	 7	 6	 7	 7	 7	 6	 7	 7	 7	 7	 7	 7	 7	 7	 7	 7	 6	 7	 7	 7	 7	 7	 7	 7	 7	 7	 7	 7	 7	 7	 7	 7	 7	 7	 7	 6	 7	 7	 7	 7	 7	 7	 7	 7	 7	 7	 7	 7	 7	 7	 7	 7	 7	 7	 7	 7	 7	 7	 7	 8	 7	 8	 7	 7	 8	 7	 8	 8	 7	 8	 8	 8	 8	 7	 8	 8	 8	 8	 8	 7	 7	 7	 7	 8	 7	 8	 8	 7	 8	 8	 8	 7	 8	 8	 7	 8	 7	 8	 8	 8	 8	 8	 8	 7	 8	 8	 8	 7	 8	 8	 8	 8	 8	 7	 8	 8	 8	 8	 8	 8	 8	 8	 8	 8	 8	 8	 8	 8	 7	 8	 8	 8	 8	 8	 8	 8	 8	 8	 8	 8	 9	 9	 8	 9	 8	 9	 8	 9	 9	 9	 8	 9	 8	 9	 9	 9	 9	 8	 9	 9	 9	 9	 9	 8	 9	 9	 9	 9	 9	 9	 9	 9	 9	 9	 9	 9	 
]

RouteDurations 	 : 	 [
2	 2	 2	 3	 3	 2	 2	 3	 2	 2	 3	 3	 3	 2	 3	 3	 3	 3	 3	 3	 2	 2	 2	 3	 3	 2	 3	 3	 3	 2	 3	 3	 3	 3	 3	 3	 2	 3	 3	 3	 3	 3	 3	 3	 3	 2	 3	 3	 3	 3	 3	 3	 3	 3	 3	 3	 2	 2	 3	 2	 2	 2	 2	 3	 2	 2	 3	 3	 2	 3	 3	 3	 3	 2	 3	 3	 3	 2	 3	 3	 3	 3	 3	 3	 3	 3	 3	 3	 2	 3	 3	 3	 2	 3	 3	 3	 3	 3	 3	 3	 3	 3	 3	 3	 3	 3	 3	 3	 3	 3	 2	 2	 3	 2	 3	 3	 3	 3	 3	 2	 2	 3	 2	 3	 2	 3	 2	 3	 3	 3	 3	 3	 3	 3	 2	 3	 2	 3	 3	 3	 2	 3	 3	 3	 2	 3	 3	 3	 3	 3	 3	 3	 3	 3	 3	 3	 2	 3	 3	 3	 2	 3	 3	 3	 3	 3	 3	 3	 3	 3	 3	 2	 3	 3	 3	 3	 3	 3	 3	 3	 3	 3	 3	 3	 3	 3	 3	 3	 3	 3	 2	 3	 3	 3	 3	 3	 3	 3	 3	 3	 3	 3	 3	 3	 3	 3	 3	 3	 3	 3	 3	 3	 2	 2	 3	 2	 3	 2	 2	 3	 2	 3	 3	 2	 3	 3	 3	 3	 2	 3	 3	 3	 3	 3	 2	 2	 2	 2	 3	 2	 3	 3	 2	 3	 3	 3	 2	 3	 3	 2	 3	 2	 3	 3	 3	 3	 3	 3	 2	 3	 3	 3	 2	 3	 3	 3	 3	 3	 2	 3	 3	 3	 3	 3	 3	 3	 3	 3	 3	 3	 3	 3	 3	 2	 3	 3	 3	 3	 3	 3	 3	 3	 3	 2	 2	 3	 3	 2	 3	 2	 3	 2	 3	 3	 3	 2	 3	 2	 3	 3	 3	 3	 2	 3	 3	 3	 3	 3	 2	 3	 3	 3	 3	 3	 3	 2	 2	 2	 2	 2	 2	 
]

RouteEmissions 	 : 	 [
41.1	 32.1	 43.7	 44.6	 48.4	 31.4	 39.1	 51.3	 39.8	 43.3	 52.7	 56.3	 47.9	 40.4	 48.2	 45.6	 50.6	 48.6	 55.2	 46.9	 36.9	 33.7	 41.5	 46.0	 46.7	 30.1	 49.5	 48.5	 49.5	 42.4	 41.7	 52.5	 41.9	 56.3	 44.3	 48.3	 29.4	 50.9	 53.3	 50.2	 47.4	 52.7	 49.1	 55.7	 47.4	 38.8	 47.1	 51.2	 41.7	 58.5	 48.5	 47.9	 38.6	 54.5	 43.0	 46.2	 37.2	 41.8	 47.4	 31.4	 49.2	 38.6	 38.5	 44.2	 28.0	 45.2	 51.0	 46.5	 33.1	 51.7	 59.6	 47.0	 47.2	 36.8	 48.0	 42.7	 40.5	 38.0	 48.3	 49.4	 56.8	 44.2	 53.0	 59.8	 46.8	 65.0	 51.2	 48.8	 32.8	 41.5	 46.0	 48.5	 30.1	 42.4	 47.1	 52.9	 41.7	 54.9	 43.5	 48.5	 49.7	 38.6	 57.7	 45.5	 51.5	 39.8	 56.1	 43.0	 48.0	 47.7	 32.1	 37.2	 49.3	 43.7	 46.0	 50.7	 40.3	 44.6	 47.7	 31.4	 45.7	 48.6	 33.1	 52.5	 38.6	 47.3	 40.6	 49.8	 45.5	 51.8	 41.5	 57.5	 46.0	 45.3	 28.0	 53.1	 48.5	 54.2	 49.9	 51.5	 35.6	 53.8	 51.6	 49.2	 42.4	 50.3	 46.0	 51.2	 42.7	 57.0	 52.7	 57.1	 46.7	 55.8	 44.3	 47.6	 29.4	 57.1	 54.8	 52.4	 47.0	 53.2	 48.9	 46.5	 56.0	 51.7	 61.4	 49.8	 54.0	 43.6	 51.1	 33.1	 50.2	 53.3	 53.3	 51.1	 55.2	 53.4	 57.5	 51.8	 49.5	 48.4	 55.0	 48.8	 52.7	 50.2	 57.6	 51.4	 56.3	 47.1	 38.8	 47.4	 53.1	 47.0	 51.1	 57.4	 51.2	 55.4	 49.6	 45.4	 51.7	 44.1	 49.0	 48.1	 40.5	 55.4	 45.5	 49.3	 39.8	 54.2	 43.0	 45.0	 37.8	 43.6	 49.6	 37.4	 48.6	 41.6	 47.9	 52.6	 41.7	 53.9	 51.7	 45.9	 48.0	 51.7	 59.0	 50.8	 40.1	 46.4	 44.9	 48.6	 57.9	 49.7	 35.8	 42.2	 33.7	 39.1	 48.8	 38.6	 46.0	 48.5	 30.1	 51.4	 50.4	 54.5	 45.9	 44.4	 53.9	 35.6	 50.6	 39.7	 41.7	 54.5	 41.9	 58.3	 44.3	 50.0	 29.4	 54.3	 53.3	 54.1	 44.7	 45.3	 45.8	 57.0	 43.1	 53.3	 33.1	 51.8	 49.1	 49.4	 51.8	 54.1	 51.4	 48.7	 56.1	 45.4	 51.4	 52.9	 49.7	 56.2	 48.0	 35.5	 47.1	 52.9	 41.7	 48.6	 49.7	 38.6	 56.2	 43.0	 48.0	 37.2	 43.7	 44.6	 48.4	 31.4	 53.6	 38.6	 47.6	 40.6	 58.1	 46.0	 46.4	 28.0	 52.8	 47.0	 46.6	 55.1	 43.1	 51.7	 33.1	 52.8	 48.4	 52.7	 55.7	 47.4	 38.8	 49.0	 48.9	 40.5	 54.5	 43.0	 46.2	 39.1	 39.5	 30.1	 45.2	 33.1	 36.8	 
]

