nRoutes 	 : 	 123

RouteMaxDur 	 : 	 3

nBases 	 : 	 1

nInsts 	 : 	 8

nDays 	 : 	 8


TruckDistCalc	 : 	 0

InstTranslation	  :   	  [ 
25	 26	 27	 28	 29	 30	 31	 32	 
]

DemandReq	 : 	 [ 
0	 0	 0	 0	 1	 0	 0	 0	 0	 
0	 0	 0	 0	 0	 0	 1	 0	 0	 
0	 0	 0	 0	 0	 1	 0	 0	 0	 
0	 1	 0	 1	 1	 1	 1	 0	 0	 
0	 1	 0	 1	 1	 1	 1	 0	 0	 
0	 0	 1	 0	 0	 0	 0	 0	 0	 
0	 0	 1	 0	 1	 0	 1	 0	 0	 
0	 0	 1	 0	 1	 0	 1	 0	 0	 
]


CargoOnRoute   	  :   	 [
75	 65	 65	 65	 35	 70	 70	 70	 40	 60	 60	 30	 60	 30	 30	 60	 60	 65	 70	 30	 60	 65	 70	 30	 65	 70	 30	 75	 35	 40	 75	 60	 75	 65	 65	 35	 65	 75	 70	 70	 40	 60	 65	 25	 75	 35	 40	 60	 30	 30	 60	 65	 50	 60	 65	 25	 75	 60	 75	 35	 70	 70	 65	 75	 40	 60	 55	 65	 70	 30	 55	 65	 70	 30	 60	 65	 25	 75	 35	 40	 60	 65	 50	 60	 65	 55	 55	 25	 75	 60	 75	 65	 65	 35	 65	 75	 70	 70	 40	 60	 65	 25	 75	 35	 40	 55	 60	 30	 55	 30	 60	 65	 55	 55	 25	 75	 35	 70	 70	 40	 60	 30	 30	 
]

SpotAllowed 	 : 	 [
1	 1	 1	 1	 1	 1	 1	 1	 1	 1	 1	 1	 1	 1	 1	 1	 1	 1	 1	 1	 1	 1	 1	 1	 1	 1	 1	 1	 1	 1	 1	 1	 1	 1	 1	 1	 1	 1	 1	 1	 1	 1	 1	 1	 1	 1	 1	 1	 1	 1	 1	 1	 1	 1	 1	 1	 1	 1	 1	 1	 1	 1	 1	 1	 1	 1	 1	 1	 1	 1	 1	 1	 1	 1	 1	 1	 1	 1	 1	 1	 1	 1	 1	 1	 1	 1	 1	 1	 1	 1	 1	 1	 1	 1	 1	 1	 1	 1	 1	 1	 1	 1	 1	 1	 1	 1	 1	 1	 1	 1	 1	 1	 1	 1	 1	 1	 1	 1	 1	 1	 1	 1	 1	 
]

DayAtPos 	 : 	 [
0	 0	 0	 0	 0	 0	 0	 0	 0	 0	 0	 0	 0	 0	 0	 0	 0	 0	 0	 0	 0	 0	 0	 0	 0	 0	 0	 0	 0	 0	 0	 5	 0	 0	 0	 0	 5	 0	 0	 0	 0	 5	 5	 5	 0	 0	 0	 0	 0	 0	 5	 5	 5	 5	 5	 5	 0	 0	 0	 0	 0	 0	 0	 0	 0	 0	 0	 0	 0	 0	 0	 0	 0	 0	 0	 0	 0	 0	 0	 0	 0	 0	 0	 0	 0	 0	 0	 0	 0	 0	 0	 0	 0	 0	 0	 0	 0	 0	 0	 0	 0	 0	 0	 0	 0	 0	 0	 0	 0	 0	 0	 0	 0	 0	 0	 0	 0	 0	 0	 0	 0	 0	 0	 
0	 0	 0	 0	 0	 0	 0	 0	 0	 0	 0	 0	 0	 0	 0	 0	 0	 0	 0	 0	 0	 0	 0	 0	 0	 0	 0	 0	 0	 0	 0	 0	 0	 0	 0	 0	 0	 0	 0	 0	 0	 0	 0	 0	 0	 0	 0	 0	 0	 0	 0	 0	 0	 0	 0	 0	 0	 0	 0	 0	 0	 0	 0	 0	 0	 0	 0	 0	 0	 0	 0	 0	 0	 0	 0	 0	 0	 0	 0	 0	 0	 0	 7	 0	 0	 0	 0	 0	 0	 7	 0	 0	 0	 0	 7	 0	 0	 0	 0	 7	 7	 7	 0	 0	 0	 7	 0	 0	 7	 0	 7	 7	 7	 7	 7	 0	 0	 0	 0	 0	 0	 0	 0	 
0	 0	 0	 0	 0	 0	 0	 0	 0	 0	 0	 0	 0	 0	 0	 0	 0	 0	 0	 0	 0	 0	 0	 0	 0	 0	 0	 0	 0	 0	 0	 0	 0	 0	 0	 0	 0	 0	 0	 0	 0	 0	 0	 0	 0	 0	 0	 0	 0	 0	 0	 0	 6	 0	 0	 0	 0	 6	 0	 0	 0	 0	 6	 0	 0	 0	 6	 0	 0	 0	 6	 0	 0	 0	 6	 6	 6	 0	 0	 0	 6	 6	 6	 6	 6	 6	 6	 6	 0	 0	 0	 0	 0	 0	 0	 0	 0	 0	 0	 0	 0	 0	 0	 0	 0	 0	 0	 0	 0	 0	 0	 0	 0	 0	 0	 0	 0	 0	 0	 0	 0	 0	 0	 
2	 2	 2	 2	 2	 0	 0	 0	 0	 0	 0	 0	 0	 0	 0	 0	 0	 4	 0	 0	 0	 4	 0	 0	 4	 0	 0	 4	 4	 0	 4	 4	 4	 4	 4	 4	 0	 5	 0	 0	 0	 5	 0	 0	 5	 5	 0	 0	 0	 0	 5	 0	 0	 6	 0	 0	 5	 5	 5	 5	 0	 0	 0	 6	 0	 0	 0	 6	 0	 0	 0	 6	 0	 0	 6	 0	 0	 6	 6	 0	 6	 0	 0	 7	 0	 0	 0	 0	 6	 6	 6	 6	 6	 6	 0	 7	 0	 0	 0	 7	 0	 0	 7	 7	 0	 0	 0	 0	 0	 0	 7	 0	 0	 0	 0	 7	 7	 0	 0	 0	 0	 0	 0	 
2	 0	 0	 0	 0	 2	 2	 2	 2	 0	 0	 0	 0	 0	 0	 0	 0	 0	 4	 0	 0	 0	 4	 0	 0	 4	 0	 4	 0	 4	 4	 0	 5	 0	 0	 0	 4	 4	 4	 4	 4	 0	 5	 0	 5	 0	 5	 0	 0	 0	 0	 5	 0	 0	 6	 0	 5	 0	 6	 0	 5	 5	 5	 5	 5	 0	 0	 0	 6	 0	 0	 0	 6	 0	 0	 6	 0	 6	 0	 6	 0	 6	 0	 0	 7	 0	 0	 0	 6	 0	 7	 0	 0	 0	 6	 6	 6	 6	 6	 0	 7	 0	 7	 0	 7	 0	 0	 0	 0	 0	 0	 7	 0	 0	 0	 7	 0	 7	 7	 7	 0	 0	 0	 
0	 3	 0	 0	 0	 3	 0	 0	 0	 3	 3	 3	 0	 0	 0	 3	 3	 3	 3	 3	 0	 0	 0	 0	 0	 0	 0	 0	 0	 0	 0	 0	 0	 0	 0	 0	 0	 0	 0	 0	 0	 0	 0	 0	 0	 0	 0	 0	 0	 0	 0	 0	 0	 0	 0	 0	 0	 0	 0	 0	 0	 0	 0	 0	 0	 0	 0	 0	 0	 0	 0	 0	 0	 0	 0	 0	 0	 0	 0	 0	 0	 0	 0	 0	 0	 0	 0	 0	 0	 0	 0	 0	 0	 0	 0	 0	 0	 0	 0	 0	 0	 0	 0	 0	 0	 0	 0	 0	 0	 0	 0	 0	 0	 0	 0	 0	 0	 0	 0	 0	 0	 0	 0	 
0	 0	 3	 0	 0	 0	 3	 0	 0	 3	 0	 0	 3	 3	 0	 3	 0	 0	 0	 0	 3	 3	 3	 3	 0	 0	 0	 0	 0	 0	 0	 0	 0	 5	 0	 0	 0	 0	 5	 0	 0	 0	 0	 0	 0	 0	 0	 5	 5	 0	 0	 0	 0	 0	 0	 0	 0	 0	 0	 0	 5	 0	 0	 0	 0	 5	 5	 5	 5	 5	 0	 0	 0	 0	 0	 0	 0	 0	 0	 0	 0	 0	 0	 0	 0	 7	 0	 0	 0	 0	 0	 7	 0	 0	 0	 0	 7	 0	 0	 0	 0	 0	 0	 0	 0	 7	 7	 7	 0	 0	 0	 0	 7	 0	 0	 0	 0	 7	 0	 0	 7	 7	 0	 
0	 0	 0	 3	 0	 0	 0	 3	 0	 0	 3	 0	 3	 0	 3	 0	 3	 0	 0	 0	 3	 0	 0	 0	 3	 3	 3	 0	 0	 0	 0	 0	 0	 0	 5	 0	 0	 0	 0	 5	 0	 0	 0	 0	 0	 0	 0	 5	 0	 5	 0	 0	 0	 0	 0	 0	 0	 0	 0	 0	 0	 5	 0	 0	 0	 5	 0	 0	 0	 0	 5	 5	 5	 5	 0	 0	 0	 0	 0	 0	 0	 0	 0	 0	 0	 0	 7	 0	 0	 0	 0	 0	 7	 0	 0	 0	 0	 7	 0	 0	 0	 0	 0	 0	 0	 0	 7	 0	 7	 7	 0	 0	 0	 7	 0	 0	 0	 0	 7	 0	 7	 0	 7	 
]

RouteBaseStart 	 : 	 [
1	 1	 1	 1	 1	 1	 1	 1	 1	 1	 1	 1	 1	 1	 1	 1	 1	 1	 1	 1	 1	 1	 1	 1	 1	 1	 1	 1	 1	 1	 1	 1	 1	 1	 1	 1	 1	 1	 1	 1	 1	 1	 1	 1	 1	 1	 1	 1	 1	 1	 1	 1	 1	 1	 1	 1	 1	 1	 1	 1	 1	 1	 1	 1	 1	 1	 1	 1	 1	 1	 1	 1	 1	 1	 1	 1	 1	 1	 1	 1	 1	 1	 1	 1	 1	 1	 1	 1	 1	 1	 1	 1	 1	 1	 1	 1	 1	 1	 1	 1	 1	 1	 1	 1	 1	 1	 1	 1	 1	 1	 1	 1	 1	 1	 1	 1	 1	 1	 1	 1	 1	 1	 1	 
]

RouteBaseEnd	 : 	 [
1	 1	 1	 1	 1	 1	 1	 1	 1	 1	 1	 1	 1	 1	 1	 1	 1	 1	 1	 1	 1	 1	 1	 1	 1	 1	 1	 1	 1	 1	 1	 1	 1	 1	 1	 1	 1	 1	 1	 1	 1	 1	 1	 1	 1	 1	 1	 1	 1	 1	 1	 1	 1	 1	 1	 1	 1	 1	 1	 1	 1	 1	 1	 1	 1	 1	 1	 1	 1	 1	 1	 1	 1	 1	 1	 1	 1	 1	 1	 1	 1	 1	 1	 1	 1	 1	 1	 1	 1	 1	 1	 1	 1	 1	 1	 1	 1	 1	 1	 1	 1	 1	 1	 1	 1	 1	 1	 1	 1	 1	 1	 1	 1	 1	 1	 1	 1	 1	 1	 1	 1	 1	 1	 
]

RouteStartDays 	 : 	 [
1	 1	 1	 1	 1	 1	 1	 1	 1	 1	 1	 1	 1	 1	 1	 2	 2	 2	 2	 2	 2	 2	 2	 2	 2	 2	 2	 2	 2	 2	 3	 3	 3	 3	 3	 3	 3	 3	 3	 3	 3	 3	 3	 3	 3	 3	 3	 3	 3	 3	 4	 4	 4	 4	 4	 4	 4	 4	 4	 4	 4	 4	 4	 4	 4	 4	 4	 4	 4	 4	 4	 4	 4	 4	 4	 4	 4	 4	 4	 4	 5	 5	 5	 5	 5	 5	 5	 5	 5	 5	 5	 5	 5	 5	 5	 5	 5	 5	 5	 5	 5	 5	 5	 5	 5	 5	 5	 5	 5	 5	 6	 6	 6	 6	 6	 6	 6	 6	 6	 6	 6	 6	 6	 
]

RouteEndDays 	 : 	 [
3	 4	 4	 4	 3	 4	 4	 4	 3	 4	 4	 4	 4	 4	 4	 5	 5	 5	 5	 4	 5	 5	 5	 4	 5	 5	 4	 5	 5	 5	 5	 6	 6	 6	 6	 5	 6	 6	 6	 6	 5	 6	 6	 6	 6	 6	 6	 6	 6	 6	 6	 6	 7	 7	 7	 6	 6	 7	 7	 6	 7	 7	 7	 7	 6	 7	 7	 7	 7	 6	 7	 7	 7	 6	 7	 7	 7	 7	 7	 7	 7	 7	 8	 8	 8	 8	 8	 7	 7	 8	 8	 8	 8	 7	 8	 8	 8	 8	 7	 8	 8	 8	 8	 8	 8	 8	 8	 8	 8	 8	 8	 8	 9	 9	 8	 8	 8	 9	 9	 8	 9	 8	 8	 
]

RouteDurations 	 : 	 [
2	 3	 3	 3	 2	 3	 3	 3	 2	 3	 3	 3	 3	 3	 3	 3	 3	 3	 3	 2	 3	 3	 3	 2	 3	 3	 2	 3	 3	 3	 2	 3	 3	 3	 3	 2	 3	 3	 3	 3	 2	 3	 3	 3	 3	 3	 3	 3	 3	 3	 2	 2	 3	 3	 3	 2	 2	 3	 3	 2	 3	 3	 3	 3	 2	 3	 3	 3	 3	 2	 3	 3	 3	 2	 3	 3	 3	 3	 3	 3	 2	 2	 3	 3	 3	 3	 3	 2	 2	 3	 3	 3	 3	 2	 3	 3	 3	 3	 2	 3	 3	 3	 3	 3	 3	 3	 3	 3	 3	 3	 2	 2	 3	 3	 2	 2	 2	 3	 3	 2	 3	 2	 2	 
]

RouteEmissions 	 : 	 [
38.3	 62.5	 73.1	 72.6	 32.7	 59.0	 69.1	 68.6	 32.1	 63.1	 62.6	 51.3	 60.9	 59.7	 59.3	 57.8	 57.3	 61.3	 57.9	 42.6	 55.7	 73.1	 68.6	 52.3	 72.6	 68.1	 51.9	 48.3	 42.7	 42.2	 38.3	 44.8	 45.8	 73.1	 72.6	 32.7	 46.6	 45.7	 69.1	 68.6	 32.1	 46.1	 48.7	 44.7	 48.3	 42.7	 42.2	 60.9	 59.7	 59.3	 36.4	 39.1	 47.4	 44.8	 46.7	 35.0	 38.3	 46.5	 45.8	 32.7	 68.6	 68.1	 42.9	 45.7	 32.1	 55.7	 66.4	 73.1	 68.6	 52.3	 65.9	 72.6	 68.1	 51.9	 49.4	 44.8	 41.7	 48.3	 42.7	 42.2	 39.4	 34.7	 42.4	 47.0	 43.5	 67.8	 67.4	 31.6	 38.3	 46.2	 45.8	 73.1	 72.6	 32.7	 42.6	 45.7	 69.1	 68.6	 32.1	 48.9	 44.3	 42.0	 48.3	 42.7	 42.2	 72.5	 60.9	 59.7	 72.0	 59.3	 38.9	 34.2	 67.3	 66.7	 31.9	 38.3	 32.7	 68.6	 68.1	 32.1	 55.7	 52.3	 51.9	 
]

