nRoutes 	 : 	 452

RouteMaxDur 	 : 	 3

nBases 	 : 	 2

nInsts 	 : 	 8

nDays 	 : 	 8

TruckDistCalc 	 : 	 1

InstTranslation	  :   	  [ 
25	 26	 27	 28	 29	 30	 31	 32	 
]

DemandReq	 : 	 [ 
0	 0	 0	 0	 1	 0	 0	 0	 0	 
0	 0	 0	 0	 0	 0	 1	 0	 0	 
0	 0	 0	 0	 0	 1	 0	 0	 0	 
0	 1	 0	 1	 1	 1	 1	 0	 0	 
0	 1	 0	 1	 1	 1	 1	 0	 0	 
0	 0	 1	 0	 0	 0	 0	 0	 0	 
0	 0	 1	 0	 1	 0	 1	 0	 0	 
0	 0	 1	 0	 1	 0	 1	 0	 0	 
]


CargoOnRoute   	  :   	 [
75	 75	 65	 65	 65	 65	 35	 35	 70	 70	 70	 70	 40	 40	 60	 60	 30	 30	 60	 30	 30	 30	 30	 0	 60	 60	 60	 60	 65	 65	 70	 70	 30	 30	 60	 60	 70	 30	 30	 70	 30	 30	 75	 75	 35	 35	 40	 40	 0	 75	 75	 60	 60	 75	 75	 65	 65	 35	 35	 65	 65	 75	 75	 70	 70	 40	 40	 60	 60	 65	 65	 25	 25	 75	 75	 35	 35	 40	 40	 60	 30	 30	 30	 30	 0	 60	 60	 65	 65	 50	 50	 60	 60	 65	 65	 25	 25	 75	 75	 60	 60	 75	 75	 35	 35	 65	 65	 75	 75	 40	 40	 60	 60	 55	 55	 70	 30	 30	 55	 55	 70	 30	 30	 60	 60	 65	 65	 25	 25	 75	 75	 35	 35	 40	 40	 0	 60	 60	 65	 65	 50	 50	 60	 60	 65	 65	 55	 55	 55	 55	 25	 25	 75	 75	 60	 60	 75	 75	 65	 65	 35	 35	 65	 65	 75	 75	 70	 70	 40	 40	 60	 60	 65	 65	 25	 25	 75	 75	 35	 35	 40	 40	 55	 60	 30	 30	 55	 30	 30	 0	 60	 60	 65	 65	 25	 25	 75	 75	 35	 35	 40	 40	 60	 60	 30	 30	 30	 30	 0	 0	 0	 75	 75	 65	 65	 65	 65	 35	 35	 70	 70	 70	 70	 70	 70	 40	 40	 60	 60	 30	 30	 60	 30	 30	 30	 30	 0	 60	 60	 60	 60	 65	 65	 70	 70	 30	 30	 60	 60	 65	 65	 70	 70	 30	 30	 65	 65	 70	 70	 30	 30	 75	 75	 35	 35	 40	 40	 0	 75	 75	 60	 60	 75	 75	 65	 65	 35	 35	 65	 65	 75	 75	 70	 70	 70	 70	 40	 40	 60	 60	 65	 65	 25	 25	 75	 75	 35	 35	 40	 40	 60	 30	 30	 30	 30	 0	 60	 60	 65	 65	 50	 50	 60	 60	 65	 65	 25	 25	 75	 75	 60	 60	 75	 75	 35	 35	 70	 70	 70	 70	 65	 65	 75	 75	 40	 40	 60	 60	 55	 55	 65	 65	 70	 70	 30	 30	 55	 55	 65	 65	 70	 70	 30	 30	 60	 60	 65	 65	 25	 25	 75	 75	 35	 35	 40	 40	 0	 60	 60	 65	 65	 50	 50	 60	 60	 65	 65	 55	 55	 55	 55	 25	 25	 75	 75	 60	 60	 75	 75	 65	 65	 35	 35	 65	 65	 75	 75	 70	 70	 70	 70	 40	 40	 60	 60	 65	 65	 25	 25	 75	 75	 35	 35	 40	 40	 55	 60	 30	 30	 55	 30	 30	 0	 60	 60	 65	 65	 55	 55	 55	 55	 25	 25	 75	 75	 35	 35	 70	 70	 70	 70	 40	 40	 60	 60	 30	 30	 30	 30	 0	 0	 0	 
]

SpotAllowed 	 : 	 [
1	 0	 1	 0	 0	 0	 1	 0	 1	 0	 0	 0	 1	 0	 0	 0	 1	 0	 0	 1	 0	 1	 0	 0	 1	 0	 1	 0	 1	 0	 1	 0	 1	 0	 1	 0	 0	 1	 0	 0	 1	 0	 1	 0	 1	 0	 1	 0	 0	 1	 0	 1	 0	 1	 0	 0	 0	 1	 0	 1	 0	 1	 0	 0	 0	 1	 0	 1	 0	 1	 0	 1	 0	 1	 0	 1	 0	 1	 0	 0	 1	 0	 1	 0	 0	 1	 0	 1	 0	 1	 0	 1	 0	 1	 0	 1	 0	 1	 0	 1	 0	 1	 0	 1	 0	 1	 0	 1	 0	 1	 0	 1	 0	 1	 0	 0	 1	 0	 1	 0	 0	 1	 0	 1	 0	 1	 0	 1	 0	 1	 0	 1	 0	 1	 0	 0	 1	 0	 1	 0	 1	 0	 1	 0	 1	 0	 1	 0	 1	 0	 1	 0	 1	 0	 1	 0	 1	 0	 0	 0	 1	 0	 1	 0	 1	 0	 0	 0	 1	 0	 1	 0	 1	 0	 1	 0	 1	 0	 1	 0	 1	 0	 0	 0	 1	 0	 0	 1	 0	 0	 1	 0	 1	 0	 1	 0	 1	 0	 1	 0	 1	 0	 1	 0	 1	 0	 1	 0	 0	 0	 0	 0	 1	 0	 1	 1	 1	 0	 1	 0	 1	 0	 1	 0	 1	 0	 1	 1	 1	 0	 1	 1	 0	 1	 0	 1	 0	 0	 1	 0	 1	 0	 1	 0	 1	 0	 1	 0	 1	 0	 1	 0	 1	 0	 1	 0	 1	 0	 1	 0	 1	 0	 1	 0	 1	 0	 1	 0	 0	 1	 0	 1	 0	 1	 1	 1	 0	 1	 0	 1	 0	 1	 0	 1	 0	 1	 0	 1	 0	 1	 0	 1	 0	 1	 0	 1	 0	 1	 0	 1	 1	 0	 1	 0	 1	 0	 0	 1	 0	 1	 0	 1	 0	 1	 0	 1	 0	 1	 0	 1	 0	 1	 0	 1	 0	 1	 0	 1	 0	 1	 0	 1	 0	 1	 0	 1	 0	 1	 0	 1	 0	 1	 0	 1	 0	 1	 0	 1	 0	 1	 0	 1	 0	 1	 0	 1	 0	 1	 0	 1	 0	 1	 0	 1	 0	 1	 0	 0	 1	 0	 1	 0	 1	 0	 1	 0	 1	 0	 1	 0	 1	 0	 1	 0	 1	 0	 1	 0	 1	 1	 1	 0	 1	 0	 1	 0	 1	 0	 1	 0	 1	 0	 1	 0	 1	 0	 1	 0	 1	 0	 1	 0	 1	 0	 1	 1	 1	 0	 1	 1	 0	 1	 0	 0	 1	 0	 1	 0	 1	 0	 1	 0	 1	 0	 1	 0	 1	 0	 1	 0	 1	 0	 1	 0	 1	 0	 1	 0	 1	 0	 0	 0	 
]

DayAtPos 	 : 	 [
0	 0	 0	 0	 0	 0	 0	 0	 0	 0	 0	 0	 0	 0	 0	 0	 0	 0	 0	 0	 0	 0	 0	 0	 0	 0	 0	 0	 0	 0	 0	 0	 0	 0	 0	 0	 0	 0	 0	 0	 0	 0	 0	 0	 0	 0	 0	 0	 0	 0	 0	 5	 5	 0	 0	 0	 0	 0	 0	 5	 5	 0	 0	 0	 0	 0	 0	 5	 5	 5	 5	 5	 5	 0	 0	 0	 0	 0	 0	 0	 0	 0	 0	 0	 0	 5	 5	 5	 5	 5	 5	 5	 5	 5	 5	 5	 5	 0	 0	 0	 0	 0	 0	 0	 0	 0	 0	 0	 0	 0	 0	 0	 0	 0	 0	 0	 0	 0	 0	 0	 0	 0	 0	 0	 0	 0	 0	 0	 0	 0	 0	 0	 0	 0	 0	 0	 0	 0	 0	 0	 0	 0	 0	 0	 0	 0	 0	 0	 0	 0	 0	 0	 0	 0	 0	 0	 0	 0	 0	 0	 0	 0	 0	 0	 0	 0	 0	 0	 0	 0	 0	 0	 0	 0	 0	 0	 0	 0	 0	 0	 0	 0	 0	 0	 0	 0	 0	 0	 0	 0	 0	 0	 0	 0	 0	 0	 0	 0	 0	 0	 0	 0	 0	 0	 0	 0	 0	 0	 0	 0	 0	 0	 0	 0	 0	 0	 0	 0	 0	 0	 0	 0	 0	 0	 0	 0	 0	 0	 0	 0	 0	 0	 0	 0	 0	 0	 0	 0	 0	 0	 0	 0	 0	 0	 0	 0	 0	 0	 0	 0	 0	 0	 0	 0	 0	 0	 0	 0	 0	 0	 0	 0	 0	 0	 0	 0	 0	 0	 0	 0	 5	 5	 0	 0	 0	 0	 0	 0	 5	 5	 0	 0	 0	 0	 0	 0	 0	 0	 5	 5	 5	 5	 5	 5	 0	 0	 0	 0	 0	 0	 0	 0	 0	 0	 0	 0	 5	 5	 5	 5	 5	 5	 5	 5	 5	 5	 5	 5	 0	 0	 0	 0	 0	 0	 0	 0	 0	 0	 0	 0	 0	 0	 0	 0	 0	 0	 0	 0	 0	 0	 0	 0	 0	 0	 0	 0	 0	 0	 0	 0	 0	 0	 0	 0	 0	 0	 0	 0	 0	 0	 0	 0	 0	 0	 0	 0	 0	 0	 0	 0	 0	 0	 0	 0	 0	 0	 0	 0	 0	 0	 0	 0	 0	 0	 0	 0	 0	 0	 0	 0	 0	 0	 0	 0	 0	 0	 0	 0	 0	 0	 0	 0	 0	 0	 0	 0	 0	 0	 0	 0	 0	 0	 0	 0	 0	 0	 0	 0	 0	 0	 0	 0	 0	 0	 0	 0	 0	 0	 0	 0	 0	 0	 0	 0	 0	 0	 0	 0	 0	 0	 0	 0	 0	 0	 0	 0	 0	 0	 0	 0	 0	 0	 
0	 0	 0	 0	 0	 0	 0	 0	 0	 0	 0	 0	 0	 0	 0	 0	 0	 0	 0	 0	 0	 0	 0	 0	 0	 0	 0	 0	 0	 0	 0	 0	 0	 0	 0	 0	 0	 0	 0	 0	 0	 0	 0	 0	 0	 0	 0	 0	 0	 0	 0	 0	 0	 0	 0	 0	 0	 0	 0	 0	 0	 0	 0	 0	 0	 0	 0	 0	 0	 0	 0	 0	 0	 0	 0	 0	 0	 0	 0	 0	 0	 0	 0	 0	 0	 0	 0	 0	 0	 0	 0	 0	 0	 0	 0	 0	 0	 0	 0	 0	 0	 0	 0	 0	 0	 0	 0	 0	 0	 0	 0	 0	 0	 0	 0	 0	 0	 0	 0	 0	 0	 0	 0	 0	 0	 0	 0	 0	 0	 0	 0	 0	 0	 0	 0	 0	 0	 0	 0	 0	 7	 7	 0	 0	 0	 0	 0	 0	 0	 0	 0	 0	 0	 0	 7	 7	 0	 0	 0	 0	 0	 0	 7	 7	 0	 0	 0	 0	 0	 0	 7	 7	 7	 7	 7	 7	 0	 0	 0	 0	 0	 0	 7	 0	 0	 0	 7	 0	 0	 0	 7	 7	 7	 7	 7	 7	 0	 0	 0	 0	 0	 0	 0	 0	 0	 0	 0	 0	 0	 0	 0	 0	 0	 0	 0	 0	 0	 0	 0	 0	 0	 0	 0	 0	 0	 0	 0	 0	 0	 0	 0	 0	 0	 0	 0	 0	 0	 0	 0	 0	 0	 0	 0	 0	 0	 0	 0	 0	 0	 0	 0	 0	 0	 0	 0	 0	 0	 0	 0	 0	 0	 0	 0	 0	 0	 0	 0	 0	 0	 0	 0	 0	 0	 0	 0	 0	 0	 0	 0	 0	 0	 0	 0	 0	 0	 0	 0	 0	 0	 0	 0	 0	 0	 0	 0	 0	 0	 0	 0	 0	 0	 0	 0	 0	 0	 0	 0	 0	 0	 0	 0	 0	 0	 0	 0	 0	 0	 0	 0	 0	 0	 0	 0	 0	 0	 0	 0	 0	 0	 0	 0	 0	 0	 0	 0	 0	 0	 0	 0	 0	 0	 0	 0	 0	 0	 0	 0	 0	 0	 0	 0	 0	 0	 0	 0	 0	 0	 0	 0	 0	 0	 0	 0	 0	 0	 0	 0	 0	 0	 0	 0	 7	 7	 0	 0	 0	 0	 0	 0	 0	 0	 0	 0	 0	 0	 7	 7	 0	 0	 0	 0	 0	 0	 7	 7	 0	 0	 0	 0	 0	 0	 0	 0	 7	 7	 7	 7	 7	 7	 0	 0	 0	 0	 0	 0	 7	 0	 0	 0	 7	 0	 0	 0	 7	 7	 7	 7	 7	 7	 7	 7	 7	 7	 0	 0	 0	 0	 0	 0	 0	 0	 0	 0	 0	 0	 0	 0	 0	 0	 0	 0	 0	 
0	 0	 0	 0	 0	 0	 0	 0	 0	 0	 0	 0	 0	 0	 0	 0	 0	 0	 0	 0	 0	 0	 0	 0	 0	 0	 0	 0	 0	 0	 0	 0	 0	 0	 0	 0	 0	 0	 0	 0	 0	 0	 0	 0	 0	 0	 0	 0	 0	 0	 0	 0	 0	 0	 0	 0	 0	 0	 0	 0	 0	 0	 0	 0	 0	 0	 0	 0	 0	 0	 0	 0	 0	 0	 0	 0	 0	 0	 0	 0	 0	 0	 0	 0	 0	 0	 0	 0	 0	 6	 6	 0	 0	 0	 0	 0	 0	 0	 0	 6	 6	 0	 0	 0	 0	 6	 6	 0	 0	 0	 0	 0	 0	 6	 6	 0	 0	 0	 6	 6	 0	 0	 0	 6	 6	 6	 6	 6	 6	 0	 0	 0	 0	 0	 0	 0	 6	 6	 6	 6	 6	 6	 6	 6	 6	 6	 6	 6	 6	 6	 6	 6	 0	 0	 0	 0	 0	 0	 0	 0	 0	 0	 0	 0	 0	 0	 0	 0	 0	 0	 0	 0	 0	 0	 0	 0	 0	 0	 0	 0	 0	 0	 0	 0	 0	 0	 0	 0	 0	 0	 0	 0	 0	 0	 0	 0	 0	 0	 0	 0	 0	 0	 0	 0	 0	 0	 0	 0	 0	 0	 0	 0	 0	 0	 0	 0	 0	 0	 0	 0	 0	 0	 0	 0	 0	 0	 0	 0	 0	 0	 0	 0	 0	 0	 0	 0	 0	 0	 0	 0	 0	 0	 0	 0	 0	 0	 0	 0	 0	 0	 0	 0	 0	 0	 0	 0	 0	 0	 0	 0	 0	 0	 0	 0	 0	 0	 0	 0	 0	 0	 0	 0	 0	 0	 0	 0	 0	 0	 0	 0	 0	 0	 0	 0	 0	 0	 0	 0	 0	 0	 0	 0	 0	 0	 0	 0	 0	 0	 0	 0	 0	 0	 0	 0	 0	 0	 0	 0	 0	 0	 6	 6	 0	 0	 0	 0	 0	 0	 0	 0	 6	 6	 0	 0	 0	 0	 0	 0	 0	 0	 6	 6	 0	 0	 0	 0	 0	 0	 6	 6	 0	 0	 0	 0	 0	 0	 6	 6	 0	 0	 0	 0	 0	 0	 6	 6	 6	 6	 6	 6	 0	 0	 0	 0	 0	 0	 0	 6	 6	 6	 6	 6	 6	 6	 6	 6	 6	 6	 6	 6	 6	 6	 6	 0	 0	 0	 0	 0	 0	 0	 0	 0	 0	 0	 0	 0	 0	 0	 0	 0	 0	 0	 0	 0	 0	 0	 0	 0	 0	 0	 0	 0	 0	 0	 0	 0	 0	 0	 0	 0	 0	 0	 0	 0	 0	 0	 0	 0	 0	 0	 0	 0	 0	 0	 0	 0	 0	 0	 0	 0	 0	 0	 0	 0	 0	 0	 0	 0	 0	 0	 0	 0	 
2	 2	 2	 2	 2	 2	 2	 2	 0	 0	 0	 0	 0	 0	 0	 0	 0	 0	 0	 0	 0	 0	 0	 0	 0	 0	 0	 0	 4	 4	 0	 0	 0	 0	 0	 0	 0	 0	 0	 0	 0	 0	 4	 4	 4	 4	 0	 0	 0	 4	 4	 4	 4	 4	 4	 4	 4	 4	 4	 0	 0	 5	 5	 0	 0	 0	 0	 5	 5	 0	 0	 0	 0	 5	 5	 5	 5	 0	 0	 0	 0	 0	 0	 0	 0	 5	 5	 0	 0	 0	 0	 6	 6	 0	 0	 0	 0	 5	 5	 5	 5	 5	 5	 5	 5	 0	 0	 6	 6	 0	 0	 0	 0	 0	 0	 0	 0	 0	 0	 0	 0	 0	 0	 6	 6	 0	 0	 0	 0	 6	 6	 6	 6	 0	 0	 0	 6	 6	 0	 0	 0	 0	 7	 7	 0	 0	 0	 0	 0	 0	 0	 0	 6	 6	 6	 6	 6	 6	 6	 6	 6	 6	 0	 0	 7	 7	 0	 0	 0	 0	 7	 7	 0	 0	 0	 0	 7	 7	 7	 7	 0	 0	 0	 0	 0	 0	 0	 0	 0	 0	 7	 7	 0	 0	 0	 0	 7	 7	 7	 7	 0	 0	 0	 0	 0	 0	 0	 0	 0	 0	 0	 2	 2	 2	 2	 2	 2	 2	 2	 0	 0	 0	 0	 0	 0	 0	 0	 0	 0	 0	 0	 0	 0	 0	 0	 0	 0	 0	 0	 0	 0	 4	 4	 0	 0	 0	 0	 0	 0	 4	 4	 0	 0	 0	 0	 4	 4	 0	 0	 0	 0	 4	 4	 4	 4	 0	 0	 0	 4	 4	 4	 4	 4	 4	 4	 4	 4	 4	 0	 0	 5	 5	 0	 0	 0	 0	 0	 0	 5	 5	 0	 0	 0	 0	 5	 5	 5	 5	 0	 0	 0	 0	 0	 0	 0	 0	 5	 5	 0	 0	 0	 0	 6	 6	 0	 0	 0	 0	 5	 5	 5	 5	 5	 5	 5	 5	 0	 0	 0	 0	 0	 0	 6	 6	 0	 0	 0	 0	 0	 0	 6	 6	 0	 0	 0	 0	 0	 0	 6	 6	 0	 0	 0	 0	 6	 6	 0	 0	 0	 0	 6	 6	 6	 6	 0	 0	 0	 6	 6	 0	 0	 0	 0	 7	 7	 0	 0	 0	 0	 0	 0	 0	 0	 6	 6	 6	 6	 6	 6	 6	 6	 6	 6	 0	 0	 7	 7	 0	 0	 0	 0	 0	 0	 7	 7	 0	 0	 0	 0	 7	 7	 7	 7	 0	 0	 0	 0	 0	 0	 0	 0	 0	 0	 7	 7	 0	 0	 0	 0	 0	 0	 0	 0	 7	 7	 7	 7	 0	 0	 0	 0	 0	 0	 0	 0	 0	 0	 0	 0	 0	 0	 0	 
2	 2	 0	 0	 0	 0	 0	 0	 2	 2	 2	 2	 2	 2	 0	 0	 0	 0	 0	 0	 0	 0	 0	 0	 0	 0	 0	 0	 0	 0	 4	 4	 0	 0	 0	 0	 4	 0	 0	 4	 0	 0	 4	 4	 0	 0	 4	 4	 0	 4	 4	 0	 0	 5	 5	 0	 0	 0	 0	 4	 4	 4	 4	 4	 4	 4	 4	 0	 0	 5	 5	 0	 0	 5	 5	 0	 0	 5	 5	 0	 0	 0	 0	 0	 0	 0	 0	 5	 5	 0	 0	 0	 0	 6	 6	 0	 0	 5	 5	 0	 0	 6	 6	 0	 0	 5	 5	 5	 5	 5	 5	 0	 0	 0	 0	 6	 0	 0	 0	 0	 6	 0	 0	 0	 0	 6	 6	 0	 0	 6	 6	 0	 0	 6	 6	 0	 0	 0	 6	 6	 0	 0	 0	 0	 7	 7	 0	 0	 0	 0	 0	 0	 6	 6	 0	 0	 7	 7	 0	 0	 0	 0	 6	 6	 6	 6	 6	 6	 6	 6	 0	 0	 7	 7	 0	 0	 7	 7	 0	 0	 7	 7	 0	 0	 0	 0	 0	 0	 0	 0	 0	 0	 7	 7	 0	 0	 7	 7	 0	 0	 7	 7	 0	 0	 0	 0	 0	 0	 0	 0	 0	 2	 2	 0	 0	 0	 0	 0	 0	 2	 2	 2	 2	 2	 2	 2	 2	 0	 0	 0	 0	 0	 0	 0	 0	 0	 0	 0	 0	 0	 0	 0	 0	 4	 4	 0	 0	 0	 0	 0	 0	 4	 4	 0	 0	 0	 0	 4	 4	 0	 0	 4	 4	 0	 0	 4	 4	 0	 4	 4	 0	 0	 5	 5	 0	 0	 0	 0	 4	 4	 4	 4	 4	 4	 4	 4	 4	 4	 0	 0	 5	 5	 0	 0	 5	 5	 0	 0	 5	 5	 0	 0	 0	 0	 0	 0	 0	 0	 5	 5	 0	 0	 0	 0	 6	 6	 0	 0	 5	 5	 0	 0	 6	 6	 0	 0	 5	 5	 5	 5	 5	 5	 5	 5	 5	 5	 0	 0	 0	 0	 0	 0	 6	 6	 0	 0	 0	 0	 0	 0	 6	 6	 0	 0	 0	 0	 6	 6	 0	 0	 6	 6	 0	 0	 6	 6	 0	 0	 0	 6	 6	 0	 0	 0	 0	 7	 7	 0	 0	 0	 0	 0	 0	 6	 6	 0	 0	 7	 7	 0	 0	 0	 0	 6	 6	 6	 6	 6	 6	 6	 6	 6	 6	 0	 0	 7	 7	 0	 0	 7	 7	 0	 0	 7	 7	 0	 0	 0	 0	 0	 0	 0	 0	 0	 0	 7	 7	 0	 0	 0	 0	 0	 0	 7	 7	 0	 0	 7	 7	 7	 7	 7	 7	 0	 0	 0	 0	 0	 0	 0	 0	 0	 
0	 0	 3	 3	 0	 0	 0	 0	 3	 3	 0	 0	 0	 0	 3	 3	 3	 3	 0	 0	 0	 0	 0	 0	 3	 3	 3	 3	 3	 3	 3	 3	 3	 3	 0	 0	 0	 0	 0	 0	 0	 0	 0	 0	 0	 0	 0	 0	 0	 0	 0	 0	 0	 0	 0	 0	 0	 0	 0	 0	 0	 0	 0	 0	 0	 0	 0	 0	 0	 0	 0	 0	 0	 0	 0	 0	 0	 0	 0	 0	 0	 0	 0	 0	 0	 0	 0	 0	 0	 0	 0	 0	 0	 0	 0	 0	 0	 0	 0	 0	 0	 0	 0	 0	 0	 0	 0	 0	 0	 0	 0	 0	 0	 0	 0	 0	 0	 0	 0	 0	 0	 0	 0	 0	 0	 0	 0	 0	 0	 0	 0	 0	 0	 0	 0	 0	 0	 0	 0	 0	 0	 0	 0	 0	 0	 0	 0	 0	 0	 0	 0	 0	 0	 0	 0	 0	 0	 0	 0	 0	 0	 0	 0	 0	 0	 0	 0	 0	 0	 0	 0	 0	 0	 0	 0	 0	 0	 0	 0	 0	 0	 0	 0	 0	 0	 0	 0	 0	 0	 0	 0	 0	 0	 0	 0	 0	 0	 0	 0	 0	 0	 0	 0	 0	 0	 0	 0	 0	 0	 0	 0	 0	 0	 3	 3	 0	 0	 0	 0	 3	 3	 0	 0	 0	 0	 0	 0	 3	 3	 3	 3	 0	 0	 0	 0	 0	 0	 3	 3	 3	 3	 3	 3	 3	 3	 3	 3	 0	 0	 0	 0	 0	 0	 0	 0	 0	 0	 0	 0	 0	 0	 0	 0	 0	 0	 0	 0	 0	 0	 0	 0	 0	 0	 0	 0	 0	 0	 0	 0	 0	 0	 0	 0	 0	 0	 0	 0	 0	 0	 0	 0	 0	 0	 0	 0	 0	 0	 0	 0	 0	 0	 0	 0	 0	 0	 0	 0	 0	 0	 0	 0	 0	 0	 0	 0	 0	 0	 0	 0	 0	 0	 0	 0	 0	 0	 0	 0	 0	 0	 0	 0	 0	 0	 0	 0	 0	 0	 0	 0	 0	 0	 0	 0	 0	 0	 0	 0	 0	 0	 0	 0	 0	 0	 0	 0	 0	 0	 0	 0	 0	 0	 0	 0	 0	 0	 0	 0	 0	 0	 0	 0	 0	 0	 0	 0	 0	 0	 0	 0	 0	 0	 0	 0	 0	 0	 0	 0	 0	 0	 0	 0	 0	 0	 0	 0	 0	 0	 0	 0	 0	 0	 0	 0	 0	 0	 0	 0	 0	 0	 0	 0	 0	 0	 0	 0	 0	 0	 0	 0	 0	 0	 0	 0	 0	 0	 0	 0	 0	 0	 0	 0	 0	 0	 0	 0	 0	 0	 0	 0	 0	 0	 0	 0	 0	 0	 0	 0	 0	 0	 0	 0	 0	 
0	 0	 0	 0	 3	 0	 0	 0	 0	 0	 3	 0	 0	 0	 3	 0	 0	 0	 3	 3	 3	 0	 0	 0	 3	 3	 0	 0	 0	 0	 0	 0	 0	 0	 3	 3	 3	 3	 3	 0	 0	 0	 0	 0	 0	 0	 0	 0	 0	 0	 0	 0	 0	 0	 0	 5	 0	 0	 0	 0	 0	 0	 0	 5	 0	 0	 0	 0	 0	 0	 0	 0	 0	 0	 0	 0	 0	 0	 0	 5	 5	 5	 0	 0	 0	 0	 0	 0	 0	 0	 0	 0	 0	 0	 0	 0	 0	 0	 0	 0	 0	 0	 0	 0	 0	 0	 0	 0	 0	 0	 0	 5	 5	 5	 5	 5	 5	 5	 0	 0	 0	 0	 0	 0	 0	 0	 0	 0	 0	 0	 0	 0	 0	 0	 0	 0	 0	 0	 0	 0	 0	 0	 0	 0	 0	 0	 7	 7	 0	 0	 0	 0	 0	 0	 0	 0	 0	 0	 7	 0	 0	 0	 0	 0	 0	 0	 7	 0	 0	 0	 0	 0	 0	 0	 0	 0	 0	 0	 0	 0	 0	 0	 7	 7	 7	 7	 0	 0	 0	 0	 0	 0	 0	 0	 0	 0	 0	 0	 0	 0	 0	 0	 7	 7	 7	 7	 0	 0	 0	 0	 0	 0	 0	 0	 0	 3	 0	 0	 0	 0	 0	 3	 3	 0	 0	 0	 0	 3	 0	 0	 0	 3	 3	 3	 0	 0	 0	 3	 3	 0	 0	 0	 0	 0	 0	 0	 0	 3	 3	 3	 3	 3	 3	 3	 3	 0	 0	 0	 0	 0	 0	 0	 0	 0	 0	 0	 0	 0	 0	 0	 0	 0	 0	 0	 5	 0	 0	 0	 0	 0	 0	 0	 5	 5	 0	 0	 0	 0	 0	 0	 0	 0	 0	 0	 0	 0	 0	 0	 0	 0	 5	 5	 5	 0	 0	 0	 0	 0	 0	 0	 0	 0	 0	 0	 0	 0	 0	 0	 0	 0	 0	 0	 0	 0	 0	 0	 5	 5	 0	 0	 0	 0	 0	 0	 0	 0	 5	 5	 5	 5	 5	 5	 5	 5	 5	 5	 0	 0	 0	 0	 0	 0	 0	 0	 0	 0	 0	 0	 0	 0	 0	 0	 0	 0	 0	 0	 0	 0	 0	 0	 0	 0	 0	 0	 0	 0	 0	 7	 7	 0	 0	 0	 0	 0	 0	 0	 0	 0	 0	 7	 0	 0	 0	 0	 0	 0	 0	 7	 7	 0	 0	 0	 0	 0	 0	 0	 0	 0	 0	 0	 0	 0	 0	 0	 0	 7	 7	 7	 7	 0	 0	 0	 0	 0	 0	 0	 0	 7	 7	 0	 0	 0	 0	 0	 0	 0	 0	 7	 7	 0	 0	 0	 0	 7	 7	 7	 7	 0	 0	 0	 0	 0	 
0	 0	 0	 0	 0	 3	 0	 0	 0	 0	 0	 3	 0	 0	 0	 3	 0	 0	 3	 0	 0	 3	 3	 0	 0	 0	 3	 3	 0	 0	 0	 0	 0	 0	 3	 3	 0	 0	 0	 3	 3	 3	 0	 0	 0	 0	 0	 0	 0	 0	 0	 0	 0	 0	 0	 0	 5	 0	 0	 0	 0	 0	 0	 0	 5	 0	 0	 0	 0	 0	 0	 0	 0	 0	 0	 0	 0	 0	 0	 5	 0	 0	 5	 5	 0	 0	 0	 0	 0	 0	 0	 0	 0	 0	 0	 0	 0	 0	 0	 0	 0	 0	 0	 0	 0	 0	 0	 0	 0	 0	 0	 5	 5	 0	 0	 0	 0	 0	 5	 5	 5	 5	 5	 0	 0	 0	 0	 0	 0	 0	 0	 0	 0	 0	 0	 0	 0	 0	 0	 0	 0	 0	 0	 0	 0	 0	 0	 0	 7	 7	 0	 0	 0	 0	 0	 0	 0	 0	 0	 7	 0	 0	 0	 0	 0	 0	 0	 7	 0	 0	 0	 0	 0	 0	 0	 0	 0	 0	 0	 0	 0	 0	 0	 7	 0	 0	 7	 7	 7	 0	 0	 0	 0	 0	 0	 0	 0	 0	 0	 0	 0	 0	 7	 7	 0	 0	 7	 7	 0	 0	 0	 0	 0	 0	 0	 0	 3	 0	 0	 0	 0	 0	 0	 3	 3	 0	 0	 0	 3	 0	 0	 3	 0	 0	 3	 3	 0	 0	 0	 3	 3	 0	 0	 0	 0	 0	 0	 3	 3	 0	 0	 0	 0	 0	 0	 3	 3	 3	 3	 3	 3	 0	 0	 0	 0	 0	 0	 0	 0	 0	 0	 0	 0	 0	 0	 5	 0	 0	 0	 0	 0	 0	 0	 0	 5	 5	 0	 0	 0	 0	 0	 0	 0	 0	 0	 0	 0	 0	 0	 0	 5	 0	 0	 5	 5	 0	 0	 0	 0	 0	 0	 0	 0	 0	 0	 0	 0	 0	 0	 0	 0	 0	 0	 0	 0	 0	 0	 0	 5	 5	 0	 0	 0	 0	 0	 0	 5	 5	 0	 0	 0	 0	 0	 0	 0	 0	 5	 5	 5	 5	 5	 5	 5	 5	 0	 0	 0	 0	 0	 0	 0	 0	 0	 0	 0	 0	 0	 0	 0	 0	 0	 0	 0	 0	 0	 0	 0	 0	 0	 7	 7	 0	 0	 0	 0	 0	 0	 0	 0	 0	 7	 0	 0	 0	 0	 0	 0	 0	 0	 7	 7	 0	 0	 0	 0	 0	 0	 0	 0	 0	 0	 0	 0	 0	 0	 0	 7	 0	 0	 7	 7	 7	 0	 0	 0	 0	 0	 0	 0	 7	 7	 0	 0	 0	 0	 0	 0	 0	 0	 7	 7	 0	 0	 7	 7	 0	 0	 7	 7	 0	 0	 0	 
]

RouteBaseStart 	 : 	 [
1	 1	 1	 1	 1	 1	 1	 1	 1	 1	 1	 1	 1	 1	 1	 1	 1	 1	 1	 1	 1	 1	 1	 1	 1	 1	 1	 1	 1	 1	 1	 1	 1	 1	 1	 1	 1	 1	 1	 1	 1	 1	 1	 1	 1	 1	 1	 1	 1	 1	 1	 1	 1	 1	 1	 1	 1	 1	 1	 1	 1	 1	 1	 1	 1	 1	 1	 1	 1	 1	 1	 1	 1	 1	 1	 1	 1	 1	 1	 1	 1	 1	 1	 1	 1	 1	 1	 1	 1	 1	 1	 1	 1	 1	 1	 1	 1	 1	 1	 1	 1	 1	 1	 1	 1	 1	 1	 1	 1	 1	 1	 1	 1	 1	 1	 1	 1	 1	 1	 1	 1	 1	 1	 1	 1	 1	 1	 1	 1	 1	 1	 1	 1	 1	 1	 1	 1	 1	 1	 1	 1	 1	 1	 1	 1	 1	 1	 1	 1	 1	 1	 1	 1	 1	 1	 1	 1	 1	 1	 1	 1	 1	 1	 1	 1	 1	 1	 1	 1	 1	 1	 1	 1	 1	 1	 1	 1	 1	 1	 1	 1	 1	 1	 1	 1	 1	 1	 1	 1	 1	 1	 1	 1	 1	 1	 1	 1	 1	 1	 1	 1	 1	 1	 1	 1	 1	 1	 1	 1	 1	 1	 2	 2	 2	 2	 2	 2	 2	 2	 2	 2	 2	 2	 2	 2	 2	 2	 2	 2	 2	 2	 2	 2	 2	 2	 2	 2	 2	 2	 2	 2	 2	 2	 2	 2	 2	 2	 2	 2	 2	 2	 2	 2	 2	 2	 2	 2	 2	 2	 2	 2	 2	 2	 2	 2	 2	 2	 2	 2	 2	 2	 2	 2	 2	 2	 2	 2	 2	 2	 2	 2	 2	 2	 2	 2	 2	 2	 2	 2	 2	 2	 2	 2	 2	 2	 2	 2	 2	 2	 2	 2	 2	 2	 2	 2	 2	 2	 2	 2	 2	 2	 2	 2	 2	 2	 2	 2	 2	 2	 2	 2	 2	 2	 2	 2	 2	 2	 2	 2	 2	 2	 2	 2	 2	 2	 2	 2	 2	 2	 2	 2	 2	 2	 2	 2	 2	 2	 2	 2	 2	 2	 2	 2	 2	 2	 2	 2	 2	 2	 2	 2	 2	 2	 2	 2	 2	 2	 2	 2	 2	 2	 2	 2	 2	 2	 2	 2	 2	 2	 2	 2	 2	 2	 2	 2	 2	 2	 2	 2	 2	 2	 2	 2	 2	 2	 2	 2	 2	 2	 2	 2	 2	 2	 2	 2	 2	 2	 2	 2	 2	 2	 2	 2	 2	 2	 2	 2	 2	 2	 2	 2	 2	 2	 2	 2	 2	 2	 2	 2	 2	 2	 2	 2	 2	 2	 2	 2	 2	 2	 2	 2	 2	 2	 2	 2	 2	 2	 2	 2	 2	 2	 2	 
]

RouteBaseEnd	 : 	 [
1	 2	 1	 2	 2	 2	 1	 2	 1	 2	 2	 2	 1	 2	 2	 2	 1	 2	 2	 1	 2	 1	 2	 2	 1	 2	 1	 2	 1	 2	 1	 2	 1	 2	 1	 2	 2	 1	 2	 2	 1	 2	 1	 2	 1	 2	 1	 2	 2	 1	 2	 1	 2	 1	 2	 2	 2	 1	 2	 1	 2	 1	 2	 2	 2	 1	 2	 1	 2	 1	 2	 1	 2	 1	 2	 1	 2	 1	 2	 2	 1	 2	 1	 2	 2	 1	 2	 1	 2	 1	 2	 1	 2	 1	 2	 1	 2	 1	 2	 1	 2	 1	 2	 1	 2	 1	 2	 1	 2	 1	 2	 1	 2	 1	 2	 2	 1	 2	 1	 2	 2	 1	 2	 1	 2	 1	 2	 1	 2	 1	 2	 1	 2	 1	 2	 2	 1	 2	 1	 2	 1	 2	 1	 2	 1	 2	 1	 2	 1	 2	 1	 2	 1	 2	 1	 2	 1	 2	 2	 2	 1	 2	 1	 2	 1	 2	 2	 2	 1	 2	 1	 2	 1	 2	 1	 2	 1	 2	 1	 2	 1	 2	 2	 2	 1	 2	 2	 1	 2	 2	 1	 2	 1	 2	 1	 2	 1	 2	 1	 2	 1	 2	 1	 2	 1	 2	 1	 2	 2	 2	 2	 1	 2	 1	 2	 2	 2	 1	 2	 1	 2	 1	 2	 1	 2	 1	 2	 2	 2	 1	 2	 2	 1	 2	 1	 2	 1	 1	 2	 1	 2	 1	 2	 1	 2	 1	 2	 1	 2	 1	 2	 1	 2	 1	 2	 1	 2	 1	 2	 1	 2	 1	 2	 1	 2	 1	 2	 1	 1	 2	 1	 2	 1	 2	 2	 2	 1	 2	 1	 2	 1	 2	 1	 2	 1	 2	 1	 2	 1	 2	 1	 2	 1	 2	 1	 2	 1	 2	 1	 2	 2	 1	 2	 1	 2	 1	 1	 2	 1	 2	 1	 2	 1	 2	 1	 2	 1	 2	 1	 2	 1	 2	 1	 2	 1	 2	 1	 2	 1	 2	 1	 2	 1	 2	 1	 2	 1	 2	 1	 2	 1	 2	 1	 2	 1	 2	 1	 2	 1	 2	 1	 2	 1	 2	 1	 2	 1	 2	 1	 2	 1	 2	 1	 2	 1	 2	 1	 1	 2	 1	 2	 1	 2	 1	 2	 1	 2	 1	 2	 1	 2	 1	 2	 1	 2	 1	 2	 1	 2	 2	 2	 1	 2	 1	 2	 1	 2	 1	 2	 1	 2	 1	 2	 1	 2	 1	 2	 1	 2	 1	 2	 1	 2	 1	 2	 2	 2	 1	 2	 2	 1	 2	 1	 1	 2	 1	 2	 1	 2	 1	 2	 1	 2	 1	 2	 1	 2	 1	 2	 1	 2	 1	 2	 1	 2	 1	 2	 1	 2	 1	 1	 1	 
]

RouteStartDays 	 : 	 [
1	 1	 1	 1	 1	 1	 1	 1	 1	 1	 1	 1	 1	 1	 1	 1	 1	 1	 1	 1	 1	 1	 1	 1	 2	 2	 2	 2	 2	 2	 2	 2	 2	 2	 2	 2	 2	 2	 2	 2	 2	 2	 2	 2	 2	 2	 2	 2	 2	 3	 3	 3	 3	 3	 3	 3	 3	 3	 3	 3	 3	 3	 3	 3	 3	 3	 3	 3	 3	 3	 3	 3	 3	 3	 3	 3	 3	 3	 3	 3	 3	 3	 3	 3	 3	 4	 4	 4	 4	 4	 4	 4	 4	 4	 4	 4	 4	 4	 4	 4	 4	 4	 4	 4	 4	 4	 4	 4	 4	 4	 4	 4	 4	 4	 4	 4	 4	 4	 4	 4	 4	 4	 4	 4	 4	 4	 4	 4	 4	 4	 4	 4	 4	 4	 4	 4	 5	 5	 5	 5	 5	 5	 5	 5	 5	 5	 5	 5	 5	 5	 5	 5	 5	 5	 5	 5	 5	 5	 5	 5	 5	 5	 5	 5	 5	 5	 5	 5	 5	 5	 5	 5	 5	 5	 5	 5	 5	 5	 5	 5	 5	 5	 5	 5	 5	 5	 5	 5	 5	 5	 6	 6	 6	 6	 6	 6	 6	 6	 6	 6	 6	 6	 6	 6	 6	 6	 6	 6	 6	 7	 8	 1	 1	 1	 1	 1	 1	 1	 1	 1	 1	 1	 1	 1	 1	 1	 1	 1	 1	 1	 1	 1	 1	 1	 1	 1	 1	 2	 2	 2	 2	 2	 2	 2	 2	 2	 2	 2	 2	 2	 2	 2	 2	 2	 2	 2	 2	 2	 2	 2	 2	 2	 2	 2	 2	 2	 2	 2	 3	 3	 3	 3	 3	 3	 3	 3	 3	 3	 3	 3	 3	 3	 3	 3	 3	 3	 3	 3	 3	 3	 3	 3	 3	 3	 3	 3	 3	 3	 3	 3	 3	 3	 3	 3	 3	 3	 4	 4	 4	 4	 4	 4	 4	 4	 4	 4	 4	 4	 4	 4	 4	 4	 4	 4	 4	 4	 4	 4	 4	 4	 4	 4	 4	 4	 4	 4	 4	 4	 4	 4	 4	 4	 4	 4	 4	 4	 4	 4	 4	 4	 4	 4	 4	 4	 4	 4	 4	 4	 4	 4	 4	 4	 4	 4	 4	 4	 4	 5	 5	 5	 5	 5	 5	 5	 5	 5	 5	 5	 5	 5	 5	 5	 5	 5	 5	 5	 5	 5	 5	 5	 5	 5	 5	 5	 5	 5	 5	 5	 5	 5	 5	 5	 5	 5	 5	 5	 5	 5	 5	 5	 5	 5	 5	 5	 5	 5	 5	 5	 5	 5	 5	 5	 5	 6	 6	 6	 6	 6	 6	 6	 6	 6	 6	 6	 6	 6	 6	 6	 6	 6	 6	 6	 6	 6	 6	 6	 6	 6	 6	 6	 7	 8	 
]

RouteEndDays 	 : 	 [
3	 3	 4	 4	 4	 4	 3	 3	 4	 4	 4	 4	 3	 3	 4	 4	 4	 4	 4	 4	 4	 4	 4	 2	 5	 5	 5	 5	 5	 5	 5	 5	 5	 4	 5	 5	 5	 5	 5	 5	 5	 5	 5	 5	 5	 5	 5	 5	 3	 5	 5	 6	 6	 6	 6	 6	 6	 5	 5	 6	 6	 6	 6	 6	 6	 5	 5	 6	 6	 6	 6	 6	 6	 6	 6	 6	 6	 6	 6	 6	 6	 6	 6	 6	 4	 6	 6	 6	 6	 7	 7	 7	 7	 7	 7	 6	 6	 6	 6	 7	 7	 7	 7	 6	 6	 7	 7	 7	 7	 6	 6	 7	 7	 7	 7	 7	 7	 7	 7	 7	 7	 7	 7	 7	 7	 7	 7	 7	 7	 7	 7	 7	 7	 7	 7	 5	 7	 7	 7	 7	 8	 8	 8	 8	 8	 8	 8	 8	 8	 8	 7	 7	 7	 7	 8	 8	 8	 8	 8	 8	 7	 7	 8	 8	 8	 8	 8	 8	 7	 7	 8	 8	 8	 8	 8	 8	 8	 8	 8	 8	 8	 8	 8	 8	 8	 8	 8	 8	 8	 6	 8	 8	 8	 8	 8	 8	 8	 8	 8	 8	 8	 8	 9	 9	 9	 9	 9	 9	 7	 8	 9	 3	 3	 4	 4	 4	 4	 3	 3	 4	 4	 4	 4	 4	 4	 3	 3	 4	 4	 4	 4	 4	 4	 4	 4	 4	 2	 5	 5	 5	 5	 5	 5	 5	 5	 4	 4	 5	 5	 5	 5	 5	 5	 5	 4	 5	 5	 5	 5	 5	 4	 5	 5	 5	 5	 5	 5	 3	 5	 5	 6	 6	 6	 6	 6	 6	 5	 5	 6	 6	 6	 6	 6	 6	 6	 6	 5	 5	 6	 6	 6	 6	 6	 6	 6	 6	 6	 6	 6	 6	 6	 6	 6	 6	 6	 4	 6	 6	 6	 6	 7	 7	 7	 7	 7	 7	 6	 6	 6	 6	 7	 7	 7	 7	 6	 6	 7	 7	 7	 7	 7	 7	 7	 7	 6	 6	 7	 7	 7	 7	 7	 7	 7	 7	 7	 6	 7	 7	 7	 7	 7	 7	 7	 6	 7	 7	 7	 7	 7	 7	 7	 7	 7	 7	 7	 7	 5	 7	 7	 7	 7	 8	 8	 8	 8	 8	 8	 8	 8	 8	 8	 7	 7	 7	 7	 8	 8	 8	 8	 8	 8	 7	 7	 8	 8	 8	 8	 8	 8	 8	 8	 7	 7	 8	 8	 8	 8	 8	 8	 8	 8	 8	 8	 8	 8	 8	 8	 8	 8	 8	 8	 8	 6	 8	 8	 8	 8	 9	 9	 9	 9	 8	 8	 8	 8	 8	 8	 9	 9	 9	 9	 8	 8	 9	 9	 9	 8	 9	 8	 7	 8	 9	 
]

RouteDurations 	 : 	 [
2	 2	 3	 3	 3	 3	 2	 2	 3	 3	 3	 3	 2	 2	 3	 3	 3	 3	 3	 3	 3	 3	 3	 1	 3	 3	 3	 3	 3	 3	 3	 3	 3	 2	 3	 3	 3	 3	 3	 3	 3	 3	 3	 3	 3	 3	 3	 3	 1	 2	 2	 3	 3	 3	 3	 3	 3	 2	 2	 3	 3	 3	 3	 3	 3	 2	 2	 3	 3	 3	 3	 3	 3	 3	 3	 3	 3	 3	 3	 3	 3	 3	 3	 3	 1	 2	 2	 2	 2	 3	 3	 3	 3	 3	 3	 2	 2	 2	 2	 3	 3	 3	 3	 2	 2	 3	 3	 3	 3	 2	 2	 3	 3	 3	 3	 3	 3	 3	 3	 3	 3	 3	 3	 3	 3	 3	 3	 3	 3	 3	 3	 3	 3	 3	 3	 1	 2	 2	 2	 2	 3	 3	 3	 3	 3	 3	 3	 3	 3	 3	 2	 2	 2	 2	 3	 3	 3	 3	 3	 3	 2	 2	 3	 3	 3	 3	 3	 3	 2	 2	 3	 3	 3	 3	 3	 3	 3	 3	 3	 3	 3	 3	 3	 3	 3	 3	 3	 3	 3	 1	 2	 2	 2	 2	 2	 2	 2	 2	 2	 2	 2	 2	 3	 3	 3	 3	 3	 3	 1	 1	 1	 2	 2	 3	 3	 3	 3	 2	 2	 3	 3	 3	 3	 3	 3	 2	 2	 3	 3	 3	 3	 3	 3	 3	 3	 3	 1	 3	 3	 3	 3	 3	 3	 3	 3	 2	 2	 3	 3	 3	 3	 3	 3	 3	 2	 3	 3	 3	 3	 3	 2	 3	 3	 3	 3	 3	 3	 1	 2	 2	 3	 3	 3	 3	 3	 3	 2	 2	 3	 3	 3	 3	 3	 3	 3	 3	 2	 2	 3	 3	 3	 3	 3	 3	 3	 3	 3	 3	 3	 3	 3	 3	 3	 3	 3	 1	 2	 2	 2	 2	 3	 3	 3	 3	 3	 3	 2	 2	 2	 2	 3	 3	 3	 3	 2	 2	 3	 3	 3	 3	 3	 3	 3	 3	 2	 2	 3	 3	 3	 3	 3	 3	 3	 3	 3	 2	 3	 3	 3	 3	 3	 3	 3	 2	 3	 3	 3	 3	 3	 3	 3	 3	 3	 3	 3	 3	 1	 2	 2	 2	 2	 3	 3	 3	 3	 3	 3	 3	 3	 3	 3	 2	 2	 2	 2	 3	 3	 3	 3	 3	 3	 2	 2	 3	 3	 3	 3	 3	 3	 3	 3	 2	 2	 3	 3	 3	 3	 3	 3	 3	 3	 3	 3	 3	 3	 3	 3	 3	 3	 3	 3	 3	 1	 2	 2	 2	 2	 3	 3	 3	 3	 2	 2	 2	 2	 2	 2	 3	 3	 3	 3	 2	 2	 3	 3	 3	 2	 3	 2	 1	 1	 1	 
]

RouteEmissions 	 : 	 [
42.6	 38.3	 75.1	 62.5	 73.1	 72.6	 32.8	 32.7	 74.8	 62.2	 72.9	 72.4	 40.7	 36.4	 73.3	 72.8	 73.2	 60.6	 71.2	 84.0	 70.0	 83.5	 69.6	 17.8	 84.5	 70.5	 83.9	 69.9	 73.9	 73.9	 73.7	 69.4	 70.0	 55.2	 83.6	 69.6	 82.6	 82.5	 68.5	 82.0	 81.9	 68.0	 51.5	 48.3	 42.8	 42.7	 49.7	 45.4	 17.8	 42.6	 38.3	 44.7	 44.8	 50.1	 45.8	 73.1	 72.6	 32.8	 32.7	 49.6	 49.8	 48.9	 48.9	 72.9	 72.4	 40.7	 36.4	 46.0	 46.0	 52.2	 48.6	 44.4	 44.6	 51.5	 48.3	 42.8	 42.7	 49.7	 45.4	 71.2	 84.0	 70.0	 83.5	 69.6	 17.8	 36.3	 36.3	 43.2	 38.9	 53.0	 47.3	 44.7	 44.7	 50.9	 46.6	 34.7	 34.9	 42.6	 38.3	 52.3	 46.5	 50.1	 45.8	 32.8	 32.7	 51.8	 46.1	 48.9	 48.9	 40.7	 36.4	 83.6	 69.6	 86.2	 80.4	 82.6	 82.5	 68.5	 85.6	 79.8	 82.0	 81.9	 68.0	 53.7	 49.4	 53.3	 48.0	 51.6	 45.9	 51.5	 48.3	 42.8	 42.7	 49.7	 45.4	 17.8	 45.2	 39.4	 44.8	 39.0	 51.7	 46.6	 51.2	 51.2	 52.0	 47.7	 86.2	 72.2	 85.6	 71.6	 43.0	 37.3	 42.6	 38.3	 51.3	 46.2	 50.1	 45.8	 73.1	 72.6	 32.8	 32.7	 50.9	 45.8	 48.9	 48.9	 72.9	 72.4	 40.7	 36.4	 52.8	 49.0	 52.4	 47.5	 50.8	 45.7	 51.5	 48.3	 42.8	 42.7	 49.7	 45.4	 82.8	 71.2	 84.0	 70.0	 82.3	 83.5	 69.6	 17.8	 44.1	 38.9	 43.7	 38.5	 42.1	 37.0	 42.6	 38.3	 32.8	 32.7	 40.7	 36.4	 83.6	 69.6	 82.5	 68.5	 81.9	 68.0	 17.8	 17.8	 17.8	 38.3	 38.3	 75.1	 62.5	 73.1	 72.6	 32.7	 32.7	 71.7	 59.0	 83.1	 69.1	 82.5	 68.6	 36.4	 32.1	 63.1	 62.6	 63.9	 51.3	 60.9	 73.7	 59.7	 73.3	 59.3	 17.8	 70.5	 57.8	 69.9	 57.3	 61.4	 61.3	 62.2	 57.9	 55.2	 42.6	 69.6	 55.7	 73.1	 73.1	 72.9	 68.6	 68.5	 52.3	 72.6	 72.6	 72.4	 68.1	 68.0	 51.9	 48.4	 48.3	 42.8	 42.7	 46.5	 42.2	 17.8	 38.3	 38.3	 44.7	 44.8	 50.1	 45.8	 73.1	 72.6	 32.7	 32.7	 46.5	 46.6	 45.8	 45.7	 83.1	 69.1	 82.5	 68.6	 36.4	 32.1	 46.1	 46.1	 49.0	 48.7	 44.5	 44.7	 48.4	 48.3	 42.8	 42.7	 46.5	 42.2	 60.9	 73.7	 59.7	 73.3	 59.3	 17.8	 36.3	 36.4	 38.9	 39.1	 53.1	 47.4	 44.8	 44.8	 51.0	 46.7	 34.9	 35.0	 38.3	 38.3	 52.3	 46.5	 50.1	 45.8	 32.7	 32.7	 82.6	 68.6	 82.0	 68.1	 48.7	 42.9	 45.8	 45.7	 36.4	 32.1	 69.6	 55.7	 72.2	 66.4	 73.1	 73.1	 72.9	 68.6	 68.5	 52.3	 71.6	 65.9	 72.6	 72.6	 72.4	 68.1	 68.0	 51.9	 49.5	 49.4	 49.1	 44.8	 47.4	 41.7	 48.4	 48.3	 42.8	 42.7	 46.5	 42.2	 17.8	 39.4	 39.4	 39.0	 34.7	 47.5	 42.4	 47.0	 47.0	 47.8	 43.5	 81.8	 67.8	 81.3	 67.4	 37.3	 31.6	 38.3	 38.3	 51.3	 46.2	 50.1	 45.8	 73.1	 72.6	 32.7	 32.7	 47.8	 42.6	 45.8	 45.7	 83.1	 69.1	 82.5	 68.6	 36.4	 32.1	 49.0	 48.9	 48.6	 44.3	 47.1	 42.0	 48.4	 48.3	 42.8	 42.7	 46.5	 42.2	 72.5	 60.9	 73.7	 59.7	 72.0	 73.3	 59.3	 17.8	 38.9	 38.9	 38.5	 34.2	 81.3	 67.3	 80.7	 66.7	 37.0	 31.9	 38.3	 38.3	 32.7	 32.7	 82.6	 68.6	 82.0	 68.1	 36.4	 32.1	 69.6	 55.7	 68.5	 52.3	 68.0	 51.9	 17.8	 17.8	 17.8	 
]

