nRoutes 	 : 	 115

RouteMaxDur 	 : 	 3

nBases 	 : 	 1

nInsts 	 : 	 5

nDays 	 : 	 8

TruckDistCalc	 : 	 0

InstTranslation	  :   	  [ 
35	 36	 37	 38	 39	 
]

DemandReq	 : 	 [ 
0	 0	 1	 0	 1	 0	 1	 1	 0	 
0	 1	 1	 0	 1	 0	 0	 0	 0	 
0	 0	 1	 0	 1	 0	 1	 1	 0	 
0	 1	 0	 1	 0	 1	 1	 1	 0	 
0	 1	 0	 1	 0	 1	 0	 0	 0	 
]


CargoOnRoute   	  :   	 [
65	 60	 80	 55	 55	 30	 65	 60	 65	 60	 35	 80	 55	 60	 55	 30	 80	 55	 50	 25	 55	 30	 25	 80	 55	 80	 50	 60	 55	 25	 55	 65	 60	 30	 60	 55	 25	 65	 35	 30	 65	 60	 65	 60	 35	 80	 55	 60	 55	 30	 80	 55	 50	 25	 55	 30	 25	 80	 55	 80	 50	 60	 55	 25	 55	 65	 60	 30	 60	 55	 25	 65	 35	 30	 65	 60	 60	 35	 80	 55	 55	 65	 30	 50	 60	 25	 60	 25	 35	 50	 60	 75	 50	 60	 25	 60	 75	 50	 60	 25	 60	 60	 35	 50	 60	 25	 60	 25	 35	 50	 60	 25	 60	 25	 35	 
]

SpotAllowed 	 : 	 [
1	 1	 1	 1	 1	 1	 1	 1	 1	 1	 1	 1	 1	 1	 1	 1	 1	 1	 1	 1	 1	 1	 1	 1	 1	 1	 1	 1	 1	 1	 1	 1	 1	 1	 1	 1	 1	 1	 1	 1	 1	 1	 1	 1	 1	 1	 1	 1	 1	 1	 1	 1	 1	 1	 1	 1	 1	 1	 1	 1	 1	 1	 1	 1	 1	 1	 1	 1	 1	 1	 1	 1	 1	 1	 1	 1	 1	 1	 1	 1	 1	 1	 1	 1	 1	 1	 1	 1	 1	 1	 1	 1	 1	 1	 1	 1	 1	 1	 1	 1	 1	 1	 1	 1	 1	 1	 1	 1	 1	 1	 1	 1	 1	 1	 1	 
]

DayAtPos 	 : 	 [
0	 0	 3	 3	 0	 0	 0	 3	 0	 0	 0	 3	 3	 0	 0	 0	 3	 3	 3	 3	 0	 0	 0	 3	 3	 3	 3	 3	 3	 3	 0	 0	 0	 0	 0	 0	 0	 0	 0	 0	 0	 5	 0	 0	 0	 5	 5	 0	 0	 0	 5	 5	 5	 5	 0	 0	 0	 5	 5	 5	 5	 5	 5	 5	 0	 0	 0	 0	 0	 0	 0	 0	 0	 0	 0	 7	 0	 0	 7	 7	 0	 0	 0	 7	 7	 7	 0	 0	 0	 7	 7	 8	 7	 7	 7	 0	 8	 8	 0	 0	 8	 0	 0	 8	 8	 8	 0	 0	 0	 8	 8	 8	 0	 0	 0	 
2	 2	 2	 2	 2	 2	 0	 0	 3	 0	 0	 0	 0	 3	 0	 0	 3	 3	 0	 0	 3	 3	 0	 3	 3	 0	 0	 0	 0	 0	 3	 3	 3	 3	 0	 0	 0	 0	 0	 0	 0	 0	 5	 0	 0	 0	 0	 5	 0	 0	 5	 5	 0	 0	 5	 5	 0	 5	 5	 0	 0	 0	 0	 0	 5	 5	 5	 5	 0	 0	 0	 0	 0	 0	 0	 0	 0	 0	 0	 0	 0	 0	 0	 0	 0	 0	 0	 0	 0	 0	 0	 0	 0	 0	 0	 0	 0	 0	 0	 0	 0	 0	 0	 0	 0	 0	 0	 0	 0	 0	 0	 0	 0	 0	 0	 
0	 0	 3	 0	 3	 0	 0	 0	 0	 3	 0	 3	 0	 0	 3	 0	 3	 0	 3	 0	 3	 0	 3	 3	 0	 3	 3	 0	 0	 0	 3	 0	 0	 0	 3	 3	 3	 0	 0	 0	 0	 0	 0	 5	 0	 5	 0	 0	 5	 0	 5	 0	 5	 0	 5	 0	 5	 5	 0	 5	 5	 0	 0	 0	 5	 0	 0	 0	 5	 5	 5	 0	 0	 0	 0	 0	 7	 0	 7	 0	 7	 0	 0	 7	 0	 0	 7	 7	 0	 7	 0	 8	 8	 0	 0	 7	 8	 7	 7	 7	 0	 8	 0	 8	 0	 0	 8	 8	 0	 8	 0	 0	 8	 8	 0	 
2	 0	 0	 0	 0	 0	 2	 2	 2	 2	 2	 0	 0	 0	 0	 0	 0	 0	 0	 0	 0	 0	 0	 0	 0	 0	 0	 4	 0	 0	 0	 4	 0	 0	 4	 0	 0	 4	 4	 0	 4	 4	 4	 4	 4	 0	 0	 0	 0	 0	 0	 0	 0	 0	 0	 0	 0	 0	 0	 0	 0	 6	 0	 0	 0	 6	 0	 0	 6	 0	 0	 6	 6	 0	 6	 6	 6	 6	 0	 0	 0	 7	 0	 0	 7	 0	 7	 0	 7	 0	 7	 0	 0	 8	 0	 7	 0	 0	 8	 0	 7	 7	 7	 0	 8	 0	 8	 0	 8	 0	 8	 0	 8	 0	 8	 
0	 2	 0	 0	 0	 0	 2	 0	 0	 0	 0	 2	 2	 2	 2	 2	 0	 0	 0	 0	 0	 0	 0	 0	 0	 4	 0	 0	 4	 0	 0	 0	 4	 0	 0	 4	 0	 4	 0	 4	 4	 0	 0	 0	 0	 4	 4	 4	 4	 4	 0	 0	 0	 0	 0	 0	 0	 0	 0	 6	 0	 0	 6	 0	 0	 0	 6	 0	 0	 6	 0	 6	 0	 6	 6	 0	 0	 0	 6	 6	 6	 6	 6	 0	 0	 0	 0	 0	 0	 0	 0	 0	 0	 0	 0	 0	 0	 0	 0	 0	 0	 0	 0	 0	 0	 0	 0	 0	 0	 0	 0	 0	 0	 0	 0	 
]

RouteBaseStart 	 : 	 [
1	 1	 1	 1	 1	 1	 1	 1	 1	 1	 1	 1	 1	 1	 1	 1	 1	 1	 1	 1	 1	 1	 1	 1	 1	 1	 1	 1	 1	 1	 1	 1	 1	 1	 1	 1	 1	 1	 1	 1	 1	 1	 1	 1	 1	 1	 1	 1	 1	 1	 1	 1	 1	 1	 1	 1	 1	 1	 1	 1	 1	 1	 1	 1	 1	 1	 1	 1	 1	 1	 1	 1	 1	 1	 1	 1	 1	 1	 1	 1	 1	 1	 1	 1	 1	 1	 1	 1	 1	 1	 1	 1	 1	 1	 1	 1	 1	 1	 1	 1	 1	 1	 1	 1	 1	 1	 1	 1	 1	 1	 1	 1	 1	 1	 1	 
]

RouteBaseEnd	 : 	 [
1	 1	 1	 1	 1	 1	 1	 1	 1	 1	 1	 1	 1	 1	 1	 1	 1	 1	 1	 1	 1	 1	 1	 1	 1	 1	 1	 1	 1	 1	 1	 1	 1	 1	 1	 1	 1	 1	 1	 1	 1	 1	 1	 1	 1	 1	 1	 1	 1	 1	 1	 1	 1	 1	 1	 1	 1	 1	 1	 1	 1	 1	 1	 1	 1	 1	 1	 1	 1	 1	 1	 1	 1	 1	 1	 1	 1	 1	 1	 1	 1	 1	 1	 1	 1	 1	 1	 1	 1	 1	 1	 1	 1	 1	 1	 1	 1	 1	 1	 1	 1	 1	 1	 1	 1	 1	 1	 1	 1	 1	 1	 1	 1	 1	 1	 
]

RouteStartDays 	 : 	 [
1	 1	 1	 1	 1	 1	 1	 1	 1	 1	 1	 1	 1	 1	 1	 1	 1	 1	 1	 1	 1	 1	 1	 2	 2	 2	 2	 2	 2	 2	 2	 2	 2	 2	 2	 2	 2	 2	 2	 2	 3	 3	 3	 3	 3	 3	 3	 3	 3	 3	 3	 3	 3	 3	 3	 3	 3	 4	 4	 4	 4	 4	 4	 4	 4	 4	 4	 4	 4	 4	 4	 4	 4	 4	 5	 5	 5	 5	 5	 5	 5	 5	 5	 5	 5	 5	 5	 5	 5	 6	 6	 6	 6	 6	 6	 6	 6	 6	 6	 6	 6	 6	 6	 6	 6	 6	 6	 6	 6	 7	 7	 7	 7	 7	 7	 
]

RouteEndDays 	 : 	 [
4	 4	 4	 4	 4	 3	 4	 4	 4	 4	 3	 4	 4	 4	 4	 3	 4	 4	 4	 4	 4	 4	 4	 5	 4	 5	 4	 5	 5	 4	 4	 5	 5	 4	 5	 5	 4	 5	 5	 5	 6	 6	 6	 6	 5	 6	 6	 6	 6	 5	 6	 6	 6	 6	 6	 6	 6	 7	 6	 7	 6	 7	 7	 6	 6	 7	 7	 6	 7	 7	 6	 7	 7	 7	 8	 8	 8	 7	 8	 8	 8	 8	 7	 8	 8	 8	 8	 8	 8	 8	 8	 9	 9	 9	 8	 8	 9	 9	 9	 8	 9	 9	 8	 9	 9	 9	 9	 9	 9	 9	 9	 9	 9	 9	 9	 
]

RouteDurations 	 : 	 [
3	 3	 3	 3	 3	 2	 3	 3	 3	 3	 2	 3	 3	 3	 3	 2	 3	 3	 3	 3	 3	 3	 3	 3	 2	 3	 2	 3	 3	 2	 2	 3	 3	 2	 3	 3	 2	 3	 3	 3	 3	 3	 3	 3	 2	 3	 3	 3	 3	 2	 3	 3	 3	 3	 3	 3	 3	 3	 2	 3	 2	 3	 3	 2	 2	 3	 3	 2	 3	 3	 2	 3	 3	 3	 3	 3	 3	 2	 3	 3	 3	 3	 2	 3	 3	 3	 3	 3	 3	 2	 2	 3	 3	 3	 2	 2	 3	 3	 3	 2	 3	 3	 2	 3	 3	 3	 3	 3	 3	 2	 2	 2	 2	 2	 2	 
]

RouteEmissions 	 : 	 [
54.1	 54.8	 59.6	 56.7	 58.5	 49.0	 55.0	 57.9	 58.1	 58.5	 50.8	 59.9	 58.6	 58.7	 58.8	 51.4	 60.6	 57.8	 59.5	 56.5	 59.6	 56.8	 58.5	 55.2	 50.0	 59.1	 52.0	 58.5	 59.1	 48.6	 52.1	 58.5	 59.1	 49.0	 58.8	 59.0	 50.9	 60.3	 58.4	 58.9	 55.0	 57.9	 58.1	 58.5	 50.8	 59.9	 58.6	 58.7	 58.8	 51.4	 60.6	 57.8	 59.5	 56.5	 59.6	 56.8	 58.5	 55.2	 50.0	 59.1	 52.0	 58.5	 59.1	 48.6	 52.1	 58.5	 59.1	 49.0	 58.8	 59.0	 50.9	 60.3	 58.4	 58.9	 55.0	 57.9	 58.5	 50.8	 59.9	 58.6	 58.8	 59.1	 51.4	 59.5	 59.4	 56.5	 59.7	 58.5	 58.4	 52.0	 51.8	 59.6	 58.6	 58.5	 48.6	 52.2	 61.6	 58.3	 58.8	 50.9	 57.9	 58.5	 50.8	 59.5	 59.4	 56.5	 59.7	 58.5	 58.4	 52.0	 51.8	 48.6	 52.2	 50.9	 50.8	 
]

