nRoutes 	 : 	 418

RouteMaxDur 	 : 	 3

nBases 	 : 	 2

nInsts 	 : 	 5

nDays 	 : 	 8

TruckDistCalc 	 : 	 1

InstTranslation	  :   	  [ 
35	 36	 37	 38	 39	 
]

DemandReq	 : 	 [ 
0	 0	 1	 0	 1	 0	 1	 1	 0	 
0	 1	 1	 0	 1	 0	 0	 0	 0	 
0	 0	 1	 0	 1	 0	 1	 1	 0	 
0	 1	 0	 1	 0	 1	 1	 1	 0	 
0	 1	 0	 1	 0	 1	 0	 0	 0	 
]


CargoOnRoute   	  :   	 [
65	 65	 60	 60	 80	 55	 55	 55	 55	 30	 30	 65	 65	 60	 60	 65	 65	 60	 60	 35	 35	 80	 55	 55	 60	 60	 55	 55	 30	 30	 80	 55	 55	 50	 25	 25	 55	 30	 30	 25	 25	 0	 55	 55	 80	 80	 50	 50	 60	 60	 55	 55	 25	 25	 55	 55	 65	 65	 60	 60	 30	 30	 60	 60	 55	 55	 25	 25	 65	 35	 35	 30	 30	 0	 65	 65	 60	 60	 65	 65	 60	 60	 35	 35	 80	 55	 55	 60	 60	 55	 55	 30	 30	 80	 55	 55	 50	 25	 25	 55	 30	 30	 25	 25	 0	 55	 55	 80	 80	 50	 50	 60	 60	 55	 55	 25	 25	 55	 55	 65	 65	 60	 60	 30	 30	 60	 60	 55	 55	 25	 25	 65	 35	 35	 30	 30	 0	 65	 65	 60	 60	 60	 60	 35	 35	 80	 55	 55	 55	 55	 65	 65	 30	 30	 50	 60	 25	 25	 60	 25	 25	 35	 35	 0	 75	 75	 75	 75	 50	 50	 60	 60	 75	 50	 50	 60	 60	 25	 25	 60	 60	 75	 50	 50	 60	 60	 25	 25	 60	 60	 60	 60	 35	 35	 50	 60	 25	 25	 60	 25	 25	 35	 35	 0	 0	 0	 65	 65	 60	 60	 80	 55	 55	 55	 55	 30	 30	 65	 65	 60	 60	 65	 65	 60	 60	 35	 35	 80	 55	 55	 60	 60	 55	 55	 30	 30	 80	 55	 55	 50	 25	 25	 55	 30	 30	 25	 25	 0	 80	 80	 55	 55	 80	 80	 50	 50	 60	 60	 55	 55	 25	 25	 55	 55	 65	 65	 60	 60	 30	 30	 60	 60	 55	 55	 25	 25	 65	 35	 35	 30	 30	 0	 65	 65	 60	 60	 65	 65	 60	 60	 35	 35	 80	 55	 55	 60	 60	 55	 55	 30	 30	 80	 55	 55	 50	 25	 25	 55	 30	 30	 25	 25	 0	 80	 80	 55	 55	 80	 80	 50	 50	 60	 60	 55	 55	 25	 25	 55	 55	 65	 65	 60	 60	 30	 30	 60	 60	 55	 55	 25	 25	 65	 35	 35	 30	 30	 0	 65	 65	 60	 60	 60	 60	 35	 35	 80	 55	 55	 55	 55	 65	 65	 30	 30	 50	 60	 25	 25	 60	 25	 25	 35	 35	 0	 50	 50	 60	 60	 75	 50	 50	 60	 60	 25	 25	 60	 60	 75	 50	 50	 60	 60	 25	 25	 60	 60	 60	 60	 35	 35	 50	 60	 25	 25	 60	 25	 25	 35	 35	 0	 50	 60	 25	 60	 25	 35	 0	 0	 
]

SpotAllowed 	 : 	 [
1	 0	 1	 0	 0	 1	 0	 1	 0	 1	 0	 1	 0	 1	 0	 1	 0	 1	 0	 1	 0	 0	 1	 0	 1	 0	 1	 0	 1	 0	 0	 1	 0	 0	 1	 0	 0	 1	 0	 1	 0	 0	 1	 0	 1	 0	 1	 0	 1	 0	 1	 0	 1	 0	 1	 0	 1	 0	 1	 0	 1	 0	 1	 0	 1	 0	 1	 0	 0	 1	 0	 1	 0	 0	 1	 0	 1	 0	 1	 0	 1	 0	 1	 0	 0	 1	 0	 1	 0	 1	 0	 1	 0	 0	 1	 0	 0	 1	 0	 0	 1	 0	 1	 0	 0	 1	 0	 1	 0	 1	 0	 1	 0	 1	 0	 1	 0	 1	 0	 1	 0	 1	 0	 1	 0	 1	 0	 1	 0	 1	 0	 0	 1	 0	 1	 0	 0	 1	 0	 1	 0	 1	 0	 1	 0	 0	 1	 0	 1	 0	 1	 0	 1	 0	 0	 0	 1	 0	 0	 1	 0	 1	 0	 0	 1	 0	 1	 0	 1	 0	 1	 0	 0	 1	 0	 1	 0	 1	 0	 1	 0	 0	 1	 0	 1	 0	 1	 0	 1	 0	 1	 0	 1	 0	 0	 0	 1	 0	 0	 1	 0	 1	 0	 0	 0	 0	 0	 1	 0	 1	 1	 0	 1	 0	 1	 0	 1	 0	 1	 0	 1	 0	 1	 0	 1	 0	 1	 1	 0	 1	 0	 1	 0	 1	 0	 1	 1	 0	 1	 1	 0	 1	 1	 0	 1	 0	 1	 0	 0	 1	 0	 1	 0	 1	 0	 1	 0	 1	 0	 1	 0	 1	 0	 1	 0	 1	 0	 1	 0	 1	 0	 1	 0	 1	 0	 1	 1	 0	 1	 0	 1	 0	 0	 1	 0	 1	 0	 1	 0	 1	 0	 1	 1	 0	 1	 0	 1	 0	 1	 0	 1	 1	 0	 1	 1	 0	 1	 1	 0	 1	 0	 1	 0	 0	 1	 0	 1	 0	 1	 0	 1	 0	 1	 0	 1	 0	 1	 0	 1	 0	 1	 0	 1	 0	 1	 0	 1	 0	 1	 0	 1	 1	 0	 1	 0	 1	 0	 0	 1	 0	 1	 0	 1	 0	 1	 1	 0	 1	 0	 1	 0	 1	 0	 1	 1	 1	 0	 1	 1	 0	 1	 0	 1	 0	 0	 1	 0	 1	 1	 0	 1	 0	 1	 0	 1	 0	 1	 1	 0	 1	 0	 1	 0	 1	 0	 1	 0	 1	 0	 1	 1	 1	 0	 1	 1	 0	 1	 0	 1	 0	 1	 1	 1	 1	 1	 1	 0	 0	 
]

DayAtPos 	 : 	 [
0	 0	 0	 0	 3	 3	 3	 0	 0	 0	 0	 0	 0	 3	 3	 0	 0	 0	 0	 0	 0	 3	 3	 3	 0	 0	 0	 0	 0	 0	 3	 3	 3	 3	 3	 3	 0	 0	 0	 0	 0	 0	 3	 3	 3	 3	 3	 3	 3	 3	 3	 3	 3	 3	 0	 0	 0	 0	 0	 0	 0	 0	 0	 0	 0	 0	 0	 0	 0	 0	 0	 0	 0	 0	 0	 0	 5	 5	 0	 0	 0	 0	 0	 0	 5	 5	 5	 0	 0	 0	 0	 0	 0	 5	 5	 5	 5	 5	 5	 0	 0	 0	 0	 0	 0	 5	 5	 5	 5	 5	 5	 5	 5	 5	 5	 5	 5	 0	 0	 0	 0	 0	 0	 0	 0	 0	 0	 0	 0	 0	 0	 0	 0	 0	 0	 0	 0	 0	 0	 7	 7	 0	 0	 0	 0	 7	 7	 7	 0	 0	 0	 0	 0	 0	 7	 7	 7	 7	 0	 0	 0	 0	 0	 0	 8	 8	 7	 7	 7	 7	 7	 7	 8	 7	 7	 7	 7	 7	 7	 0	 0	 8	 8	 8	 0	 0	 0	 0	 8	 8	 0	 0	 0	 0	 8	 8	 8	 8	 0	 0	 0	 0	 0	 0	 0	 0	 0	 0	 0	 0	 3	 3	 3	 0	 0	 0	 0	 0	 0	 3	 3	 0	 0	 0	 0	 0	 0	 3	 3	 3	 0	 0	 0	 0	 0	 0	 3	 3	 3	 3	 3	 3	 0	 0	 0	 0	 0	 0	 3	 3	 3	 3	 3	 3	 3	 3	 3	 3	 3	 3	 3	 3	 0	 0	 0	 0	 0	 0	 0	 0	 0	 0	 0	 0	 0	 0	 0	 0	 0	 0	 0	 0	 0	 0	 5	 5	 0	 0	 0	 0	 0	 0	 5	 5	 5	 0	 0	 0	 0	 0	 0	 5	 5	 5	 5	 5	 5	 0	 0	 0	 0	 0	 0	 5	 5	 5	 5	 5	 5	 5	 5	 5	 5	 5	 5	 5	 5	 0	 0	 0	 0	 0	 0	 0	 0	 0	 0	 0	 0	 0	 0	 0	 0	 0	 0	 0	 0	 0	 0	 7	 7	 0	 0	 0	 0	 7	 7	 7	 0	 0	 0	 0	 0	 0	 7	 7	 7	 7	 0	 0	 0	 0	 0	 0	 7	 7	 7	 7	 8	 7	 7	 7	 7	 7	 7	 0	 0	 8	 8	 8	 0	 0	 0	 0	 8	 8	 0	 0	 0	 0	 8	 8	 8	 8	 0	 0	 0	 0	 0	 0	 8	 8	 8	 0	 0	 0	 0	 0	 
2	 2	 2	 2	 2	 2	 2	 2	 2	 2	 2	 0	 0	 0	 0	 3	 3	 0	 0	 0	 0	 0	 0	 0	 3	 3	 0	 0	 0	 0	 3	 3	 3	 0	 0	 0	 3	 3	 3	 0	 0	 0	 3	 3	 0	 0	 0	 0	 0	 0	 0	 0	 0	 0	 3	 3	 3	 3	 3	 3	 3	 3	 0	 0	 0	 0	 0	 0	 0	 0	 0	 0	 0	 0	 0	 0	 0	 0	 5	 5	 0	 0	 0	 0	 0	 0	 0	 5	 5	 0	 0	 0	 0	 5	 5	 5	 0	 0	 0	 5	 5	 5	 0	 0	 0	 5	 5	 0	 0	 0	 0	 0	 0	 0	 0	 0	 0	 5	 5	 5	 5	 5	 5	 5	 5	 0	 0	 0	 0	 0	 0	 0	 0	 0	 0	 0	 0	 0	 0	 0	 0	 0	 0	 0	 0	 0	 0	 0	 0	 0	 0	 0	 0	 0	 0	 0	 0	 0	 0	 0	 0	 0	 0	 0	 0	 0	 0	 0	 0	 0	 0	 0	 0	 0	 0	 0	 0	 0	 0	 0	 0	 0	 0	 0	 0	 0	 0	 0	 0	 0	 0	 0	 0	 0	 0	 0	 0	 0	 0	 0	 0	 0	 0	 0	 0	 0	 2	 2	 2	 2	 2	 2	 2	 2	 2	 2	 2	 0	 0	 0	 0	 3	 3	 0	 0	 0	 0	 0	 0	 0	 3	 3	 0	 0	 0	 0	 3	 3	 3	 0	 0	 0	 3	 3	 3	 0	 0	 0	 3	 3	 3	 3	 0	 0	 0	 0	 0	 0	 0	 0	 0	 0	 3	 3	 3	 3	 3	 3	 3	 3	 0	 0	 0	 0	 0	 0	 0	 0	 0	 0	 0	 0	 0	 0	 0	 0	 5	 5	 0	 0	 0	 0	 0	 0	 0	 5	 5	 0	 0	 0	 0	 5	 5	 5	 0	 0	 0	 5	 5	 5	 0	 0	 0	 5	 5	 5	 5	 0	 0	 0	 0	 0	 0	 0	 0	 0	 0	 5	 5	 5	 5	 5	 5	 5	 5	 0	 0	 0	 0	 0	 0	 0	 0	 0	 0	 0	 0	 0	 0	 0	 0	 0	 0	 0	 0	 0	 0	 0	 0	 0	 0	 0	 0	 0	 0	 0	 0	 0	 0	 0	 0	 0	 0	 0	 0	 0	 0	 0	 0	 0	 0	 0	 0	 0	 0	 0	 0	 0	 0	 0	 0	 0	 0	 0	 0	 0	 0	 0	 0	 0	 0	 0	 0	 0	 0	 0	 0	 0	 0	 0	 0	 0	 0	 0	 0	 0	 0	 0	 
0	 0	 0	 0	 3	 0	 0	 3	 3	 0	 0	 0	 0	 0	 0	 0	 0	 3	 3	 0	 0	 3	 0	 0	 0	 0	 3	 3	 0	 0	 3	 0	 0	 3	 0	 0	 3	 0	 0	 3	 3	 0	 0	 0	 3	 3	 3	 3	 0	 0	 0	 0	 0	 0	 3	 3	 0	 0	 0	 0	 0	 0	 3	 3	 3	 3	 3	 3	 0	 0	 0	 0	 0	 0	 0	 0	 0	 0	 0	 0	 5	 5	 0	 0	 5	 0	 0	 0	 0	 5	 5	 0	 0	 5	 0	 0	 5	 0	 0	 5	 0	 0	 5	 5	 0	 0	 0	 5	 5	 5	 5	 0	 0	 0	 0	 0	 0	 5	 5	 0	 0	 0	 0	 0	 0	 5	 5	 5	 5	 5	 5	 0	 0	 0	 0	 0	 0	 0	 0	 0	 0	 7	 7	 0	 0	 7	 0	 0	 7	 7	 0	 0	 0	 0	 7	 0	 0	 0	 7	 7	 7	 0	 0	 0	 7	 7	 8	 8	 7	 7	 0	 0	 8	 8	 8	 0	 0	 0	 0	 7	 7	 8	 7	 7	 7	 7	 7	 7	 0	 0	 8	 8	 0	 0	 8	 0	 0	 0	 8	 8	 8	 0	 0	 0	 0	 0	 0	 0	 0	 0	 3	 0	 0	 3	 3	 0	 0	 0	 0	 0	 0	 0	 0	 3	 3	 0	 0	 3	 0	 0	 0	 0	 3	 3	 0	 0	 3	 0	 0	 3	 0	 0	 3	 0	 0	 3	 3	 0	 3	 3	 0	 0	 3	 3	 3	 3	 0	 0	 0	 0	 0	 0	 3	 3	 0	 0	 0	 0	 0	 0	 3	 3	 3	 3	 3	 3	 0	 0	 0	 0	 0	 0	 0	 0	 0	 0	 0	 0	 5	 5	 0	 0	 5	 0	 0	 0	 0	 5	 5	 0	 0	 5	 0	 0	 5	 0	 0	 5	 0	 0	 5	 5	 0	 5	 5	 0	 0	 5	 5	 5	 5	 0	 0	 0	 0	 0	 0	 5	 5	 0	 0	 0	 0	 0	 0	 5	 5	 5	 5	 5	 5	 0	 0	 0	 0	 0	 0	 0	 0	 0	 0	 7	 7	 0	 0	 7	 0	 0	 7	 7	 0	 0	 0	 0	 7	 0	 0	 0	 7	 7	 7	 0	 0	 0	 7	 7	 0	 0	 8	 8	 8	 0	 0	 0	 0	 7	 7	 8	 7	 7	 7	 7	 7	 7	 0	 0	 8	 8	 0	 0	 8	 0	 0	 0	 8	 8	 8	 0	 0	 0	 8	 0	 0	 8	 8	 0	 0	 0	 
2	 2	 0	 0	 0	 0	 0	 0	 0	 0	 0	 2	 2	 2	 2	 2	 2	 2	 2	 2	 2	 0	 0	 0	 0	 0	 0	 0	 0	 0	 0	 0	 0	 0	 0	 0	 0	 0	 0	 0	 0	 0	 0	 0	 0	 0	 0	 0	 4	 4	 0	 0	 0	 0	 0	 0	 4	 4	 0	 0	 0	 0	 4	 4	 0	 0	 0	 0	 4	 4	 4	 0	 0	 0	 4	 4	 4	 4	 4	 4	 4	 4	 4	 4	 0	 0	 0	 0	 0	 0	 0	 0	 0	 0	 0	 0	 0	 0	 0	 0	 0	 0	 0	 0	 0	 0	 0	 0	 0	 0	 0	 6	 6	 0	 0	 0	 0	 0	 0	 6	 6	 0	 0	 0	 0	 6	 6	 0	 0	 0	 0	 6	 6	 6	 0	 0	 0	 6	 6	 6	 6	 6	 6	 6	 6	 0	 0	 0	 0	 0	 7	 7	 0	 0	 0	 7	 0	 0	 7	 0	 0	 7	 7	 0	 0	 0	 0	 0	 0	 0	 7	 7	 0	 0	 0	 8	 8	 0	 0	 7	 7	 0	 0	 0	 8	 8	 0	 0	 7	 7	 7	 7	 7	 7	 0	 8	 0	 0	 8	 0	 0	 8	 8	 0	 0	 0	 2	 2	 0	 0	 0	 0	 0	 0	 0	 0	 0	 2	 2	 2	 2	 2	 2	 2	 2	 2	 2	 0	 0	 0	 0	 0	 0	 0	 0	 0	 0	 0	 0	 0	 0	 0	 0	 0	 0	 0	 0	 0	 0	 0	 0	 0	 0	 0	 0	 0	 4	 4	 0	 0	 0	 0	 0	 0	 4	 4	 0	 0	 0	 0	 4	 4	 0	 0	 0	 0	 4	 4	 4	 0	 0	 0	 4	 4	 4	 4	 4	 4	 4	 4	 4	 4	 0	 0	 0	 0	 0	 0	 0	 0	 0	 0	 0	 0	 0	 0	 0	 0	 0	 0	 0	 0	 0	 0	 0	 0	 0	 0	 0	 0	 0	 6	 6	 0	 0	 0	 0	 0	 0	 6	 6	 0	 0	 0	 0	 6	 6	 0	 0	 0	 0	 6	 6	 6	 0	 0	 0	 6	 6	 6	 6	 6	 6	 6	 6	 0	 0	 0	 0	 0	 7	 7	 0	 0	 0	 7	 0	 0	 7	 0	 0	 7	 7	 0	 0	 0	 7	 7	 0	 0	 0	 8	 8	 0	 0	 7	 7	 0	 0	 0	 8	 8	 0	 0	 7	 7	 7	 7	 7	 7	 0	 8	 0	 0	 8	 0	 0	 8	 8	 0	 0	 8	 0	 8	 0	 8	 0	 0	 
0	 0	 2	 2	 0	 0	 0	 0	 0	 0	 0	 2	 2	 0	 0	 0	 0	 0	 0	 0	 0	 2	 2	 2	 2	 2	 2	 2	 2	 2	 0	 0	 0	 0	 0	 0	 0	 0	 0	 0	 0	 0	 0	 0	 4	 4	 0	 0	 0	 0	 4	 4	 0	 0	 0	 0	 0	 0	 4	 4	 0	 0	 0	 0	 4	 4	 0	 0	 4	 0	 0	 4	 4	 0	 4	 4	 0	 0	 0	 0	 0	 0	 0	 0	 4	 4	 4	 4	 4	 4	 4	 4	 4	 0	 0	 0	 0	 0	 0	 0	 0	 0	 0	 0	 0	 0	 0	 6	 6	 0	 0	 0	 0	 6	 6	 0	 0	 0	 0	 0	 0	 6	 6	 0	 0	 0	 0	 6	 6	 0	 0	 6	 0	 0	 6	 6	 0	 6	 6	 0	 0	 0	 0	 0	 0	 6	 6	 6	 6	 6	 6	 6	 6	 6	 0	 0	 0	 0	 0	 0	 0	 0	 0	 0	 0	 0	 0	 0	 0	 0	 0	 0	 0	 0	 0	 0	 0	 0	 0	 0	 0	 0	 0	 0	 0	 0	 0	 0	 0	 0	 0	 0	 0	 0	 0	 0	 0	 0	 0	 0	 0	 0	 0	 0	 0	 0	 0	 0	 2	 2	 0	 0	 0	 0	 0	 0	 0	 2	 2	 0	 0	 0	 0	 0	 0	 0	 0	 2	 2	 2	 2	 2	 2	 2	 2	 2	 0	 0	 0	 0	 0	 0	 0	 0	 0	 0	 0	 0	 0	 0	 0	 0	 4	 4	 0	 0	 0	 0	 4	 4	 0	 0	 0	 0	 0	 0	 4	 4	 0	 0	 0	 0	 4	 4	 0	 0	 4	 0	 0	 4	 4	 0	 4	 4	 0	 0	 0	 0	 0	 0	 0	 0	 4	 4	 4	 4	 4	 4	 4	 4	 4	 0	 0	 0	 0	 0	 0	 0	 0	 0	 0	 0	 0	 0	 0	 0	 0	 6	 6	 0	 0	 0	 0	 6	 6	 0	 0	 0	 0	 0	 0	 6	 6	 0	 0	 0	 0	 6	 6	 0	 0	 6	 0	 0	 6	 6	 0	 6	 6	 0	 0	 0	 0	 0	 0	 6	 6	 6	 6	 6	 6	 6	 6	 6	 0	 0	 0	 0	 0	 0	 0	 0	 0	 0	 0	 0	 0	 0	 0	 0	 0	 0	 0	 0	 0	 0	 0	 0	 0	 0	 0	 0	 0	 0	 0	 0	 0	 0	 0	 0	 0	 0	 0	 0	 0	 0	 0	 0	 0	 0	 0	 0	 0	 0	 0	 0	 0	 0	 
]

RouteBaseStart 	 : 	 [
1	 1	 1	 1	 1	 1	 1	 1	 1	 1	 1	 1	 1	 1	 1	 1	 1	 1	 1	 1	 1	 1	 1	 1	 1	 1	 1	 1	 1	 1	 1	 1	 1	 1	 1	 1	 1	 1	 1	 1	 1	 1	 1	 1	 1	 1	 1	 1	 1	 1	 1	 1	 1	 1	 1	 1	 1	 1	 1	 1	 1	 1	 1	 1	 1	 1	 1	 1	 1	 1	 1	 1	 1	 1	 1	 1	 1	 1	 1	 1	 1	 1	 1	 1	 1	 1	 1	 1	 1	 1	 1	 1	 1	 1	 1	 1	 1	 1	 1	 1	 1	 1	 1	 1	 1	 1	 1	 1	 1	 1	 1	 1	 1	 1	 1	 1	 1	 1	 1	 1	 1	 1	 1	 1	 1	 1	 1	 1	 1	 1	 1	 1	 1	 1	 1	 1	 1	 1	 1	 1	 1	 1	 1	 1	 1	 1	 1	 1	 1	 1	 1	 1	 1	 1	 1	 1	 1	 1	 1	 1	 1	 1	 1	 1	 1	 1	 1	 1	 1	 1	 1	 1	 1	 1	 1	 1	 1	 1	 1	 1	 1	 1	 1	 1	 1	 1	 1	 1	 1	 1	 1	 1	 1	 1	 1	 1	 1	 1	 1	 1	 1	 1	 1	 1	 1	 1	 2	 2	 2	 2	 2	 2	 2	 2	 2	 2	 2	 2	 2	 2	 2	 2	 2	 2	 2	 2	 2	 2	 2	 2	 2	 2	 2	 2	 2	 2	 2	 2	 2	 2	 2	 2	 2	 2	 2	 2	 2	 2	 2	 2	 2	 2	 2	 2	 2	 2	 2	 2	 2	 2	 2	 2	 2	 2	 2	 2	 2	 2	 2	 2	 2	 2	 2	 2	 2	 2	 2	 2	 2	 2	 2	 2	 2	 2	 2	 2	 2	 2	 2	 2	 2	 2	 2	 2	 2	 2	 2	 2	 2	 2	 2	 2	 2	 2	 2	 2	 2	 2	 2	 2	 2	 2	 2	 2	 2	 2	 2	 2	 2	 2	 2	 2	 2	 2	 2	 2	 2	 2	 2	 2	 2	 2	 2	 2	 2	 2	 2	 2	 2	 2	 2	 2	 2	 2	 2	 2	 2	 2	 2	 2	 2	 2	 2	 2	 2	 2	 2	 2	 2	 2	 2	 2	 2	 2	 2	 2	 2	 2	 2	 2	 2	 2	 2	 2	 2	 2	 2	 2	 2	 2	 2	 2	 2	 2	 2	 2	 2	 2	 2	 2	 2	 2	 2	 2	 2	 2	 2	 2	 2	 2	 2	 2	 2	 2	 2	 2	 2	 2	 2	 2	 2	 2	 2	 2	 2	 2	 2	 2	 
]

RouteBaseEnd	 : 	 [
1	 2	 1	 2	 2	 1	 2	 1	 2	 1	 2	 1	 2	 1	 2	 1	 2	 1	 2	 1	 2	 2	 1	 2	 1	 2	 1	 2	 1	 2	 2	 1	 2	 2	 1	 2	 2	 1	 2	 1	 2	 2	 1	 2	 1	 2	 1	 2	 1	 2	 1	 2	 1	 2	 1	 2	 1	 2	 1	 2	 1	 2	 1	 2	 1	 2	 1	 2	 2	 1	 2	 1	 2	 2	 1	 2	 1	 2	 1	 2	 1	 2	 1	 2	 2	 1	 2	 1	 2	 1	 2	 1	 2	 2	 1	 2	 2	 1	 2	 2	 1	 2	 1	 2	 2	 1	 2	 1	 2	 1	 2	 1	 2	 1	 2	 1	 2	 1	 2	 1	 2	 1	 2	 1	 2	 1	 2	 1	 2	 1	 2	 2	 1	 2	 1	 2	 2	 1	 2	 1	 2	 1	 2	 1	 2	 2	 1	 2	 1	 2	 1	 2	 1	 2	 2	 2	 1	 2	 2	 1	 2	 1	 2	 2	 1	 2	 1	 2	 1	 2	 1	 2	 2	 1	 2	 1	 2	 1	 2	 1	 2	 2	 1	 2	 1	 2	 1	 2	 1	 2	 1	 2	 1	 2	 2	 2	 1	 2	 2	 1	 2	 1	 2	 2	 2	 2	 1	 2	 1	 2	 2	 1	 2	 1	 2	 1	 2	 1	 2	 1	 2	 1	 2	 1	 2	 1	 2	 2	 1	 2	 1	 2	 1	 2	 1	 2	 2	 1	 2	 2	 1	 2	 2	 1	 2	 1	 2	 1	 1	 2	 1	 2	 1	 2	 1	 2	 1	 2	 1	 2	 1	 2	 1	 2	 1	 2	 1	 2	 1	 2	 1	 2	 1	 2	 1	 2	 2	 1	 2	 1	 2	 1	 1	 2	 1	 2	 1	 2	 1	 2	 1	 2	 2	 1	 2	 1	 2	 1	 2	 1	 2	 2	 1	 2	 2	 1	 2	 2	 1	 2	 1	 2	 1	 1	 2	 1	 2	 1	 2	 1	 2	 1	 2	 1	 2	 1	 2	 1	 2	 1	 2	 1	 2	 1	 2	 1	 2	 1	 2	 1	 2	 2	 1	 2	 1	 2	 1	 1	 2	 1	 2	 1	 2	 1	 2	 2	 1	 2	 1	 2	 1	 2	 1	 2	 2	 2	 1	 2	 2	 1	 2	 1	 2	 1	 1	 2	 1	 2	 2	 1	 2	 1	 2	 1	 2	 1	 2	 2	 1	 2	 1	 2	 1	 2	 1	 2	 1	 2	 1	 2	 2	 2	 1	 2	 2	 1	 2	 1	 2	 1	 2	 2	 2	 2	 2	 2	 1	 1	 
]

RouteStartDays 	 : 	 [
1	 1	 1	 1	 1	 1	 1	 1	 1	 1	 1	 1	 1	 1	 1	 1	 1	 1	 1	 1	 1	 1	 1	 1	 1	 1	 1	 1	 1	 1	 1	 1	 1	 1	 1	 1	 1	 1	 1	 1	 1	 1	 2	 2	 2	 2	 2	 2	 2	 2	 2	 2	 2	 2	 2	 2	 2	 2	 2	 2	 2	 2	 2	 2	 2	 2	 2	 2	 2	 2	 2	 2	 2	 2	 3	 3	 3	 3	 3	 3	 3	 3	 3	 3	 3	 3	 3	 3	 3	 3	 3	 3	 3	 3	 3	 3	 3	 3	 3	 3	 3	 3	 3	 3	 3	 4	 4	 4	 4	 4	 4	 4	 4	 4	 4	 4	 4	 4	 4	 4	 4	 4	 4	 4	 4	 4	 4	 4	 4	 4	 4	 4	 4	 4	 4	 4	 4	 5	 5	 5	 5	 5	 5	 5	 5	 5	 5	 5	 5	 5	 5	 5	 5	 5	 5	 5	 5	 5	 5	 5	 5	 5	 5	 5	 6	 6	 6	 6	 6	 6	 6	 6	 6	 6	 6	 6	 6	 6	 6	 6	 6	 6	 6	 6	 6	 6	 6	 6	 6	 6	 6	 6	 6	 6	 6	 6	 6	 6	 6	 6	 6	 6	 6	 6	 7	 8	 1	 1	 1	 1	 1	 1	 1	 1	 1	 1	 1	 1	 1	 1	 1	 1	 1	 1	 1	 1	 1	 1	 1	 1	 1	 1	 1	 1	 1	 1	 1	 1	 1	 1	 1	 1	 1	 1	 1	 1	 1	 1	 2	 2	 2	 2	 2	 2	 2	 2	 2	 2	 2	 2	 2	 2	 2	 2	 2	 2	 2	 2	 2	 2	 2	 2	 2	 2	 2	 2	 2	 2	 2	 2	 2	 2	 3	 3	 3	 3	 3	 3	 3	 3	 3	 3	 3	 3	 3	 3	 3	 3	 3	 3	 3	 3	 3	 3	 3	 3	 3	 3	 3	 3	 3	 3	 3	 4	 4	 4	 4	 4	 4	 4	 4	 4	 4	 4	 4	 4	 4	 4	 4	 4	 4	 4	 4	 4	 4	 4	 4	 4	 4	 4	 4	 4	 4	 4	 4	 4	 4	 5	 5	 5	 5	 5	 5	 5	 5	 5	 5	 5	 5	 5	 5	 5	 5	 5	 5	 5	 5	 5	 5	 5	 5	 5	 5	 5	 6	 6	 6	 6	 6	 6	 6	 6	 6	 6	 6	 6	 6	 6	 6	 6	 6	 6	 6	 6	 6	 6	 6	 6	 6	 6	 6	 6	 6	 6	 6	 6	 6	 6	 6	 6	 7	 7	 7	 7	 7	 7	 7	 8	 
]

RouteEndDays 	 : 	 [
4	 4	 4	 4	 4	 4	 4	 4	 4	 4	 4	 4	 4	 4	 4	 4	 4	 4	 4	 4	 4	 4	 4	 4	 4	 4	 4	 4	 4	 4	 4	 4	 4	 4	 4	 4	 4	 4	 4	 4	 4	 2	 5	 5	 5	 5	 5	 5	 5	 5	 5	 5	 5	 5	 5	 5	 5	 5	 5	 5	 5	 5	 5	 5	 5	 5	 5	 5	 5	 5	 5	 5	 5	 3	 6	 6	 6	 6	 6	 6	 6	 6	 6	 6	 6	 6	 6	 6	 6	 6	 6	 6	 6	 6	 6	 6	 6	 6	 6	 6	 6	 6	 6	 6	 4	 7	 7	 7	 7	 7	 7	 7	 7	 7	 7	 7	 7	 7	 7	 7	 7	 7	 7	 7	 7	 7	 7	 7	 7	 7	 7	 7	 7	 7	 7	 7	 5	 8	 8	 8	 8	 8	 8	 8	 8	 8	 8	 8	 8	 8	 8	 8	 8	 8	 8	 8	 8	 8	 8	 8	 8	 8	 8	 6	 9	 9	 9	 9	 9	 9	 9	 9	 9	 9	 9	 9	 9	 9	 9	 9	 9	 9	 9	 9	 9	 9	 9	 9	 9	 9	 9	 9	 9	 9	 9	 9	 9	 9	 9	 9	 9	 9	 9	 7	 8	 9	 4	 4	 4	 4	 4	 4	 4	 4	 4	 4	 3	 4	 4	 4	 4	 4	 4	 4	 4	 4	 3	 4	 4	 4	 4	 4	 4	 4	 4	 3	 4	 4	 4	 4	 4	 4	 4	 4	 4	 4	 4	 2	 5	 5	 5	 4	 5	 5	 5	 4	 5	 5	 5	 5	 5	 4	 5	 4	 5	 5	 5	 5	 5	 4	 5	 5	 5	 5	 5	 4	 5	 5	 5	 5	 5	 3	 6	 6	 6	 6	 6	 6	 6	 6	 6	 5	 6	 6	 6	 6	 6	 6	 6	 6	 5	 6	 6	 6	 6	 6	 6	 6	 6	 6	 6	 6	 4	 7	 7	 7	 6	 7	 7	 7	 6	 7	 7	 7	 7	 7	 6	 7	 6	 7	 7	 7	 7	 7	 6	 7	 7	 7	 7	 7	 6	 7	 7	 7	 7	 7	 5	 8	 8	 8	 8	 8	 8	 8	 7	 8	 8	 8	 8	 8	 8	 8	 8	 7	 8	 8	 8	 8	 8	 8	 8	 8	 8	 6	 9	 8	 9	 8	 9	 9	 9	 9	 9	 9	 8	 9	 8	 9	 9	 9	 9	 9	 9	 8	 9	 9	 9	 9	 9	 8	 9	 9	 9	 9	 9	 9	 9	 9	 9	 7	 9	 9	 9	 9	 9	 9	 8	 9	 
]

RouteDurations 	 : 	 [
3	 3	 3	 3	 3	 3	 3	 3	 3	 3	 3	 3	 3	 3	 3	 3	 3	 3	 3	 3	 3	 3	 3	 3	 3	 3	 3	 3	 3	 3	 3	 3	 3	 3	 3	 3	 3	 3	 3	 3	 3	 1	 3	 3	 3	 3	 3	 3	 3	 3	 3	 3	 3	 3	 3	 3	 3	 3	 3	 3	 3	 3	 3	 3	 3	 3	 3	 3	 3	 3	 3	 3	 3	 1	 3	 3	 3	 3	 3	 3	 3	 3	 3	 3	 3	 3	 3	 3	 3	 3	 3	 3	 3	 3	 3	 3	 3	 3	 3	 3	 3	 3	 3	 3	 1	 3	 3	 3	 3	 3	 3	 3	 3	 3	 3	 3	 3	 3	 3	 3	 3	 3	 3	 3	 3	 3	 3	 3	 3	 3	 3	 3	 3	 3	 3	 3	 1	 3	 3	 3	 3	 3	 3	 3	 3	 3	 3	 3	 3	 3	 3	 3	 3	 3	 3	 3	 3	 3	 3	 3	 3	 3	 3	 1	 3	 3	 3	 3	 3	 3	 3	 3	 3	 3	 3	 3	 3	 3	 3	 3	 3	 3	 3	 3	 3	 3	 3	 3	 3	 3	 3	 3	 3	 3	 3	 3	 3	 3	 3	 3	 3	 3	 3	 1	 1	 1	 3	 3	 3	 3	 3	 3	 3	 3	 3	 3	 2	 3	 3	 3	 3	 3	 3	 3	 3	 3	 2	 3	 3	 3	 3	 3	 3	 3	 3	 2	 3	 3	 3	 3	 3	 3	 3	 3	 3	 3	 3	 1	 3	 3	 3	 2	 3	 3	 3	 2	 3	 3	 3	 3	 3	 2	 3	 2	 3	 3	 3	 3	 3	 2	 3	 3	 3	 3	 3	 2	 3	 3	 3	 3	 3	 1	 3	 3	 3	 3	 3	 3	 3	 3	 3	 2	 3	 3	 3	 3	 3	 3	 3	 3	 2	 3	 3	 3	 3	 3	 3	 3	 3	 3	 3	 3	 1	 3	 3	 3	 2	 3	 3	 3	 2	 3	 3	 3	 3	 3	 2	 3	 2	 3	 3	 3	 3	 3	 2	 3	 3	 3	 3	 3	 2	 3	 3	 3	 3	 3	 1	 3	 3	 3	 3	 3	 3	 3	 2	 3	 3	 3	 3	 3	 3	 3	 3	 2	 3	 3	 3	 3	 3	 3	 3	 3	 3	 1	 3	 2	 3	 2	 3	 3	 3	 3	 3	 3	 2	 3	 2	 3	 3	 3	 3	 3	 3	 2	 3	 3	 3	 3	 3	 2	 3	 3	 3	 3	 3	 3	 3	 3	 3	 1	 2	 2	 2	 2	 2	 2	 1	 1	 
]

RouteEmissions 	 : 	 [
81.5	 67.8	 82.3	 68.5	 69.6	 80.4	 66.7	 82.3	 68.6	 78.5	 64.8	 82.5	 68.7	 81.6	 68.0	 81.8	 68.2	 82.3	 68.6	 80.4	 66.7	 70.0	 82.4	 68.7	 82.6	 68.9	 82.7	 68.9	 81.2	 67.4	 70.7	 81.5	 67.9	 69.6	 80.1	 66.5	 69.7	 80.6	 66.9	 82.3	 68.6	 17.8	 79.4	 65.8	 83.1	 69.3	 81.5	 67.7	 82.2	 68.5	 82.9	 69.1	 78.0	 64.4	 81.7	 67.9	 82.2	 68.5	 82.9	 69.1	 78.5	 64.8	 82.6	 68.9	 82.9	 69.1	 80.6	 66.8	 70.5	 82.2	 68.5	 82.9	 69.1	 17.8	 82.5	 68.7	 81.6	 68.0	 81.8	 68.2	 82.3	 68.6	 80.4	 66.7	 70.0	 82.4	 68.7	 82.6	 68.9	 82.7	 68.9	 81.2	 67.4	 70.7	 81.5	 67.9	 69.6	 80.1	 66.5	 69.7	 80.6	 66.9	 82.3	 68.6	 17.8	 79.4	 65.8	 83.1	 69.3	 81.5	 67.7	 82.2	 68.5	 82.9	 69.1	 78.0	 64.4	 81.7	 67.9	 82.2	 68.5	 82.9	 69.1	 78.5	 64.8	 82.6	 68.9	 82.9	 69.1	 80.6	 66.8	 70.5	 82.2	 68.5	 82.9	 69.1	 17.8	 82.5	 68.7	 81.6	 68.0	 82.3	 68.6	 80.4	 66.7	 70.0	 82.4	 68.7	 82.7	 68.9	 83.0	 69.2	 81.2	 67.4	 69.6	 69.5	 80.1	 66.5	 69.9	 82.3	 68.6	 82.2	 68.5	 17.8	 82.4	 68.8	 82.4	 68.6	 81.5	 67.7	 81.3	 67.6	 69.6	 82.3	 68.6	 82.2	 68.5	 78.0	 64.4	 81.8	 68.1	 71.7	 82.0	 68.4	 82.6	 68.9	 80.6	 66.8	 81.6	 68.0	 82.3	 68.6	 80.4	 66.7	 69.6	 69.5	 80.1	 66.5	 69.9	 82.3	 68.6	 82.2	 68.5	 17.8	 17.8	 17.8	 67.8	 54.1	 68.5	 54.8	 59.6	 70.3	 56.7	 72.3	 58.5	 64.8	 49.0	 68.7	 55.0	 71.5	 57.9	 71.7	 58.1	 72.2	 58.5	 66.7	 50.8	 59.9	 72.2	 58.6	 72.4	 58.7	 72.6	 58.8	 67.4	 51.4	 60.6	 71.4	 57.8	 59.5	 70.1	 56.5	 59.6	 70.5	 56.8	 72.2	 58.5	 17.8	 68.8	 55.2	 65.8	 50.0	 72.9	 59.1	 67.7	 52.0	 72.2	 58.5	 72.9	 59.1	 64.4	 48.6	 67.9	 52.1	 72.2	 58.5	 72.9	 59.1	 64.8	 49.0	 72.5	 58.8	 72.8	 59.0	 66.8	 50.9	 60.3	 72.1	 58.4	 72.7	 58.9	 17.8	 68.7	 55.0	 71.5	 57.9	 71.7	 58.1	 72.2	 58.5	 66.7	 50.8	 59.9	 72.2	 58.6	 72.4	 58.7	 72.6	 58.8	 67.4	 51.4	 60.6	 71.4	 57.8	 59.5	 70.1	 56.5	 59.6	 70.5	 56.8	 72.2	 58.5	 17.8	 68.8	 55.2	 65.8	 50.0	 72.9	 59.1	 67.7	 52.0	 72.2	 58.5	 72.9	 59.1	 64.4	 48.6	 67.9	 52.1	 72.2	 58.5	 72.9	 59.1	 64.8	 49.0	 72.5	 58.8	 72.8	 59.0	 66.8	 50.9	 60.3	 72.1	 58.4	 72.7	 58.9	 17.8	 68.7	 55.0	 71.5	 57.9	 72.2	 58.5	 66.7	 50.8	 59.9	 72.2	 58.6	 72.6	 58.8	 72.8	 59.1	 67.4	 51.4	 59.5	 59.4	 70.1	 56.5	 59.7	 72.2	 58.5	 72.1	 58.4	 17.8	 67.7	 52.0	 67.6	 51.8	 59.6	 72.3	 58.6	 72.2	 58.5	 64.4	 48.6	 68.1	 52.2	 61.6	 71.9	 58.3	 72.5	 58.8	 66.8	 50.9	 71.5	 57.9	 72.2	 58.5	 66.7	 50.8	 59.5	 59.4	 70.1	 56.5	 59.7	 72.2	 58.5	 72.1	 58.4	 17.8	 52.0	 51.8	 48.6	 52.2	 50.9	 50.8	 17.8	 17.8	 
]
