nRoutes 	 : 	 56

RouteMaxDur 	 : 	 3

nBases 	 : 	 2

nInsts 	 : 	 2

nDays 	 : 	 8

TruckDistCalc	 : 	 1

InstTranslation	  :   	  [ 
33	 34	 
]

DemandReq	 : 	 [ 
0	 0	 0	 1	 0	 0	 0	 1	 0	 
0	 0	 0	 1	 0	 0	 0	 1	 0	 
]


CargoOnRoute   	  :   	 [
0	 60	 60	 30	 30	 30	 30	 0	 60	 60	 30	 30	 30	 30	 0	 0	 0	 60	 60	 30	 30	 30	 30	 0	 60	 30	 30	 30	 30	 0	 0	 0	 0	 60	 60	 30	 30	 30	 30	 0	 30	 30	 30	 30	 0	 0	 0	 60	 60	 30	 30	 30	 30	 0	 30	 0	 
]

SpotAllowed 	 : 	 [
0	 1	 0	 1	 0	 1	 0	 0	 1	 0	 1	 0	 1	 0	 0	 0	 0	 1	 0	 1	 0	 1	 0	 0	 0	 1	 0	 1	 0	 0	 0	 0	 0	 0	 1	 0	 1	 0	 1	 0	 0	 1	 0	 1	 0	 0	 0	 0	 1	 0	 1	 0	 1	 0	 1	 0	 
]

DayAtPos 	 : 	 [
0	 4	 4	 4	 4	 0	 0	 0	 4	 4	 4	 4	 0	 0	 0	 0	 0	 8	 8	 8	 8	 0	 0	 0	 8	 8	 8	 0	 0	 0	 0	 0	 0	 4	 4	 4	 4	 0	 0	 0	 4	 4	 0	 0	 0	 0	 0	 8	 8	 8	 8	 0	 0	 0	 0	 0	 
0	 4	 4	 0	 0	 4	 4	 0	 4	 4	 0	 0	 4	 4	 0	 0	 0	 8	 8	 0	 0	 8	 8	 0	 8	 0	 0	 8	 8	 0	 0	 0	 0	 4	 4	 0	 0	 4	 4	 0	 0	 0	 4	 4	 0	 0	 0	 8	 8	 0	 0	 8	 8	 0	 8	 0	 
]

RouteBaseStart 	 : 	 [
1	 1	 1	 1	 1	 1	 1	 1	 1	 1	 1	 1	 1	 1	 1	 1	 1	 1	 1	 1	 1	 1	 1	 1	 1	 1	 1	 1	 1	 1	 1	 2	 2	 2	 2	 2	 2	 2	 2	 2	 2	 2	 2	 2	 2	 2	 2	 2	 2	 2	 2	 2	 2	 2	 2	 2	 
]

RouteBaseEnd	 : 	 [
2	 1	 2	 1	 2	 1	 2	 2	 1	 2	 1	 2	 1	 2	 2	 2	 2	 1	 2	 1	 2	 1	 2	 2	 2	 1	 2	 1	 2	 2	 2	 1	 1	 1	 2	 1	 2	 1	 2	 1	 1	 2	 1	 2	 1	 1	 1	 1	 2	 1	 2	 1	 2	 1	 2	 1	 
]

RouteStartDays 	 : 	 [
1	 2	 2	 2	 2	 2	 2	 2	 3	 3	 3	 3	 3	 3	 3	 4	 5	 6	 6	 6	 6	 6	 6	 6	 7	 7	 7	 7	 7	 7	 8	 1	 2	 3	 3	 3	 3	 3	 3	 3	 4	 4	 4	 4	 4	 5	 6	 7	 7	 7	 7	 7	 7	 7	 8	 8	 
]

RouteEndDays 	 : 	 [
2	 5	 5	 5	 5	 5	 4	 3	 6	 5	 5	 5	 5	 5	 4	 5	 6	 9	 9	 9	 9	 9	 8	 7	 9	 9	 9	 9	 9	 8	 9	 2	 3	 5	 5	 5	 5	 5	 4	 4	 6	 6	 6	 5	 5	 6	 7	 9	 9	 9	 9	 9	 8	 8	 9	 9	 
]

RouteDurations 	 : 	 [
1	 3	 3	 3	 3	 3	 2	 1	 3	 2	 2	 2	 2	 2	 1	 1	 1	 3	 3	 3	 3	 3	 2	 1	 2	 2	 2	 2	 2	 1	 1	 1	 1	 2	 2	 2	 2	 2	 1	 1	 2	 2	 2	 1	 1	 1	 1	 2	 2	 2	 2	 2	 1	 1	 1	 1	 
]

RouteEmissions 	 : 	 [
17.8	 62.8	 48.7	 61.8	 47.1	 53.6	 37.4	 17.8	 57.9	 41.1	 54.7	 40.0	 45.3	 31.2	 17.8	 17.8	 17.8	 62.8	 48.7	 61.8	 47.1	 53.6	 37.4	 17.8	 41.1	 54.7	 40.0	 45.3	 31.2	 17.8	 17.8	 17.8	 17.8	 41.3	 27.2	 40.2	 25.6	 32.5	 16.3	 17.8	 40.0	 25.4	 31.2	 15.0	 17.8	 17.8	 17.8	 41.3	 27.2	 40.2	 25.6	 32.5	 16.3	 17.8	 15.0	 17.8	 
]
