nRoutes 	 : 	 954

RouteMaxDur 	 : 	 3

nBases 	 : 	 1

nInsts 	 : 	 12

nDays 	 : 	 8

TruckDistCalc 	 : 	 1

InstTranslation	  :   	  [ 
1	 2	 3	 4	 5	 6	 7	 8	 9	 10	 11	 12	 
]

DemandReq	 : 	 [ 
0	 1	 0	 0	 0	 1	 0	 0	 0	 
0	 1	 0	 0	 1	 1	 0	 0	 0	 
0	 0	 0	 1	 0	 1	 0	 0	 0	 
0	 0	 0	 1	 0	 0	 0	 0	 0	 
0	 1	 0	 0	 1	 0	 0	 0	 0	 
0	 1	 1	 0	 1	 0	 1	 1	 0	 
0	 0	 1	 0	 1	 0	 1	 0	 0	 
0	 0	 1	 0	 0	 1	 0	 1	 0	 
0	 0	 0	 1	 0	 0	 0	 0	 0	 
0	 0	 0	 1	 0	 0	 0	 1	 0	 
0	 1	 0	 0	 0	 1	 0	 0	 0	 
0	 0	 1	 1	 1	 0	 0	 1	 0	 
]

CargoOnRoute   	  :   	 [
65	 70	 75	 50	 75	 40	 75	 70	 45	 50	 65	 70	 75	 70	 45	 25	 80	 65	 55	 80	 60	 65	 60	 40	 70	 75	 40	 75	 70	 65	 75	 70	 45	 70	 80	 75	 50	 45	 25	 65	 70	 75	 70	 50	 60	 75	 80	 60	 65	 65	 60	 35	 40	 35	 15	 75	 70	 45	 50	 65	 70	 75	 65	 80	 75	 80	 75	 55	 75	 70	 45	 80	 75	 80	 75	 55	 75	 70	 65	 70	 65	 45	 65	 60	 80	 80	 75	 55	 60	 55	 35	 80	 55	 50	 75	 70	 70	 65	 45	 25	 80	 80	 70	 80	 60	 75	 65	 80	 70	 60	 70	 80	 60	 70	 50	 70	 65	 60	 40	 75	 80	 70	 75	 65	 75	 65	 75	 55	 75	 70	 65	 45	 80	 70	 80	 70	 80	 60	 80	 75	 70	 50	 75	 65	 75	 55	 45	 75	 55	 65	 45	 55	 35	 80	 55	 50	 45	 25	 80	 70	 75	 80	 70	 80	 70	 80	 60	 80	 75	 70	 50	 60	 65	 40	 65	 65	 60	 35	 40	 65	 75	 55	 65	 45	 35	 65	 45	 55	 35	 45	 25	 35	 15	 80	 70	 75	 80	 70	 80	 70	 80	 60	 80	 75	 70	 50	 75	 65	 75	 65	 75	 55	 75	 70	 65	 45	 70	 80	 60	 70	 50	 40	 70	 50	 60	 40	 50	 30	 75	 50	 45	 40	 20	 75	 65	 75	 55	 45	 75	 55	 65	 45	 55	 35	 80	 55	 50	 45	 25	 80	 75	 70	 75	 70	 50	 70	 65	 80	 60	 65	 60	 40	 60	 55	 80	 75	 75	 70	 50	 55	 50	 30	 75	 50	 45	 70	 65	 65	 60	 40	 20	 80	 70	 80	 80	 60	 80	 75	 70	 75	 70	 70	 50	 70	 70	 50	 60	 60	 40	 50	 50	 30	 75	 50	 45	 40	 80	 80	 75	 60	 70	 40	 20	 75	 75	 55	 65	 65	 45	 55	 55	 35	 80	 55	 50	 45	 80	 65	 70	 70	 65	 50	 75	 65	 60	 45	 45	 25	 80	 75	 70	 75	 70	 70	 50	 70	 65	 80	 80	 60	 80	 65	 60	 80	 75	 60	 40	 60	 55	 80	 75	 75	 70	 70	 50	 70	 75	 55	 80	 50	 75	 70	 65	 50	 30	 75	 50	 45	 70	 65	 80	 65	 60	 80	 75	 60	 40	 80	 60	 65	 45	 70	 40	 80	 65	 60	 55	 40	 20	 60	 55	 80	 75	 75	 70	 50	 70	 75	 55	 80	 50	 75	 70	 65	 50	 30	 75	 50	 45	 70	 65	 80	 65	 60	 40	 80	 60	 65	 45	 70	 40	 80	 65	 60	 55	 40	 20	 65	 40	 35	 60	 55	 70	 75	 55	 80	 50	 30	 75	 70	 50	 55	 35	 80	 60	 30	 70	 75	 55	 80	 50	 45	 30	 10	 80	 70	 60	 75	 80	 75	 75	 55	 50	 70	 75	 55	 80	 50	 50	 30	 75	 65	 55	 45	 65	 70	 50	 75	 45	 45	 25	 70	 80	 75	 60	 75	 70	 65	 50	 80	 60	 65	 45	 70	 40	 80	 65	 60	 55	 40	 20	 80	 60	 65	 70	 45	 70	 80	 65	 40	 80	 65	 60	 80	 65	 80	 75	 80	 60	 65	 55	 40	 80	 65	 70	 60	 65	 45	 80	 60	 80	 65	 55	 60	 40	 65	 45	 35	 20	 75	 70	 75	 50	 80	 55	 75	 80	 60	 35	 80	 60	 70	 75	 55	 30	 70	 75	 80	 55	 80	 75	 50	 75	 80	 70	 75	 55	 70	 75	 65	 70	 50	 75	 55	 45	 30	 75	 80	 70	 75	 55	 80	 60	 50	 55	 35	 75	 70	 50	 70	 75	 55	 45	 50	 30	 55	 35	 25	 10	 80	 75	 75	 80	 75	 80	 70	 55	 70	 75	 80	 55	 80	 75	 50	 75	 70	 50	 75	 55	 70	 50	 75	 55	 30	 65	 70	 75	 50	 75	 70	 45	 70	 65	 45	 70	 50	 65	 45	 70	 50	 25	 80	 60	 65	 70	 45	 70	 80	 65	 40	 80	 65	 60	 80	 65	 80	 75	 80	 60	 65	 55	 40	 80	 65	 70	 60	 65	 45	 80	 60	 80	 65	 55	 60	 40	 65	 45	 35	 20	 80	 65	 80	 80	 75	 60	 80	 60	 65	 80	 60	 80	 65	 55	 40	 75	 65	 70	 65	 70	 60	 45	 70	 65	 45	 70	 50	 80	 65	 45	 75	 70	 65	 70	 50	 40	 25	 70	 70	 75	 70	 75	 65	 50	 65	 60	 40	 65	 45	 80	 75	 80	 60	 40	 70	 65	 60	 65	 45	 35	 20	 70	 80	 65	 80	 65	 70	 60	 65	 45	 80	 60	 80	 65	 55	 60	 40	 65	 45	 35	 20	 65	 80	 60	 80	 65	 55	 60	 40	 70	 50	 80	 65	 45	 75	 70	 65	 70	 50	 40	 75	 70	 45	 25	 75	 70	 75	 65	 70	 50	 70	 65	 70	 60	 65	 45	 65	 45	 80	 75	 80	 60	 40	 70	 65	 60	 65	 45	 35	 70	 20	 80	 65	 70	 60	 65	 45	 80	 60	 80	 65	 55	 60	 40	 65	 45	 35	 70	 40	 20	 65	 70	 60	 65	 45	 70	 50	 40	 75	 45	 25	 60	 80	 65	 55	 60	 40	 80	 65	 45	 35	 70	 40	 20	 40	 75	 70	 45	 25	 75	 60	 65	 35	 15	 75	 70	 45	 75	 50	 50	 70	 70	 45	 25	 80	 60	 65	 65	 60	 40	 70	 65	 40	 70	 45	 45	 65	 65	 40	 20	 75	 70	 70	 65	 45	 75	 75	 70	 50	 50	 45	 25	 60	 65	 40	 65	 60	 35	 35	 15	 70	 75	 75	 70	 50	 70	 70	 65	 45	 45	 40	 20	 75	 75	 70	 50	 70	 70	 65	 45	 45	 40	 20	 75	 75	 70	 50	 50	 45	 25	 45	 25	 20	 25	 25	 
]

SpotAllowed 	 : 	 [
1	 1	 1	 1	 1	 1	 1	 1	 1	 1	 1	 1	 1	 1	 1	 1	 1	 1	 1	 1	 1	 1	 1	 1	 1	 1	 1	 1	 1	 1	 1	 1	 1	 1	 1	 1	 1	 1	 1	 1	 1	 1	 1	 1	 1	 1	 1	 1	 1	 1	 1	 1	 1	 1	 1	 1	 1	 1	 1	 1	 1	 1	 1	 1	 1	 1	 1	 1	 1	 1	 1	 1	 1	 1	 1	 1	 1	 1	 1	 1	 1	 1	 1	 1	 1	 1	 1	 1	 1	 1	 1	 1	 1	 1	 1	 1	 1	 1	 1	 1	 1	 1	 1	 1	 1	 1	 1	 1	 1	 1	 1	 1	 1	 1	 1	 1	 1	 1	 1	 1	 1	 1	 1	 1	 1	 1	 1	 1	 1	 1	 1	 1	 1	 1	 1	 1	 1	 1	 1	 1	 1	 1	 1	 1	 1	 1	 1	 1	 1	 1	 1	 1	 1	 1	 1	 1	 1	 1	 1	 1	 1	 1	 1	 1	 1	 1	 1	 1	 1	 1	 1	 1	 1	 1	 1	 1	 1	 1	 1	 1	 1	 1	 1	 1	 1	 1	 1	 1	 1	 1	 1	 1	 1	 1	 1	 1	 1	 1	 1	 1	 1	 1	 1	 1	 1	 1	 1	 1	 1	 1	 1	 1	 1	 1	 1	 1	 1	 1	 1	 1	 1	 1	 1	 1	 1	 1	 1	 1	 1	 1	 1	 1	 1	 1	 1	 1	 1	 1	 1	 1	 1	 1	 1	 1	 1	 1	 1	 1	 1	 1	 1	 1	 1	 1	 1	 1	 1	 1	 1	 1	 1	 1	 1	 1	 1	 1	 1	 1	 1	 1	 1	 1	 1	 1	 1	 1	 1	 1	 1	 1	 1	 1	 1	 1	 1	 1	 1	 1	 1	 1	 1	 1	 1	 1	 1	 1	 1	 1	 1	 1	 1	 1	 1	 1	 1	 1	 1	 1	 1	 1	 1	 1	 1	 1	 1	 1	 1	 1	 1	 1	 1	 1	 1	 1	 1	 1	 1	 1	 1	 1	 1	 1	 1	 1	 1	 1	 1	 1	 1	 1	 1	 1	 1	 1	 1	 1	 1	 1	 1	 1	 1	 1	 1	 1	 1	 1	 1	 1	 1	 1	 1	 1	 1	 1	 1	 1	 1	 1	 1	 1	 1	 1	 1	 1	 1	 1	 1	 1	 1	 1	 1	 1	 1	 1	 1	 1	 1	 1	 1	 1	 1	 1	 1	 1	 1	 1	 1	 1	 1	 1	 1	 1	 1	 1	 1	 1	 1	 1	 1	 1	 1	 1	 1	 1	 1	 1	 1	 1	 1	 1	 1	 1	 1	 1	 1	 1	 1	 1	 1	 1	 1	 1	 1	 1	 1	 1	 1	 1	 1	 1	 1	 1	 1	 1	 1	 1	 1	 1	 1	 1	 1	 1	 1	 1	 1	 1	 1	 1	 1	 1	 1	 1	 1	 1	 1	 1	 1	 1	 1	 1	 1	 1	 1	 1	 1	 1	 1	 1	 1	 1	 1	 1	 1	 1	 1	 1	 1	 1	 1	 1	 1	 1	 1	 1	 1	 1	 1	 1	 1	 1	 1	 1	 1	 1	 1	 1	 1	 1	 1	 1	 1	 1	 1	 1	 1	 1	 1	 1	 1	 1	 1	 1	 1	 1	 1	 1	 1	 1	 1	 1	 1	 1	 1	 1	 1	 1	 1	 1	 1	 1	 1	 1	 1	 1	 1	 1	 1	 1	 1	 1	 1	 1	 1	 1	 1	 1	 1	 1	 1	 1	 1	 1	 1	 1	 1	 1	 1	 1	 1	 1	 1	 1	 1	 1	 1	 1	 1	 1	 1	 1	 1	 1	 1	 1	 1	 1	 1	 1	 1	 1	 1	 1	 1	 1	 1	 1	 1	 1	 1	 1	 1	 1	 1	 1	 1	 1	 1	 1	 1	 1	 1	 1	 1	 1	 1	 1	 1	 1	 1	 1	 1	 1	 1	 1	 1	 1	 1	 1	 1	 1	 1	 1	 1	 1	 1	 1	 1	 1	 1	 1	 1	 1	 1	 1	 1	 1	 1	 1	 1	 1	 1	 1	 1	 1	 1	 1	 1	 1	 1	 1	 1	 1	 1	 1	 1	 1	 1	 1	 1	 1	 1	 1	 1	 1	 1	 1	 1	 1	 1	 1	 1	 1	 1	 1	 1	 1	 1	 1	 1	 1	 1	 1	 1	 1	 1	 1	 1	 1	 1	 1	 1	 1	 1	 1	 1	 1	 1	 1	 1	 1	 1	 1	 1	 1	 1	 1	 1	 1	 1	 1	 1	 1	 1	 1	 1	 1	 1	 1	 1	 1	 1	 1	 1	 1	 1	 1	 1	 1	 1	 1	 1	 1	 1	 1	 1	 1	 1	 1	 1	 1	 1	 1	 1	 1	 1	 1	 1	 1	 1	 1	 1	 1	 1	 1	 1	 1	 1	 1	 1	 1	 1	 1	 1	 1	 1	 1	 1	 1	 1	 1	 1	 1	 1	 1	 1	 1	 1	 1	 1	 1	 1	 1	 1	 1	 1	 1	 1	 1	 1	 1	 1	 1	 1	 1	 1	 1	 1	 1	 1	 1	 1	 1	 1	 1	 1	 1	 1	 1	 1	 1	 1	 1	 1	 1	 1	 1	 1	 1	 1	 1	 1	 1	 1	 1	 1	 1	 1	 1	 1	 1	 1	 1	 1	 1	 1	 1	 1	 1	 1	 1	 1	 1	 1	 1	 1	 1	 1	 1	 1	 1	 1	 1	 1	 1	 1	 1	 1	 1	 1	 1	 1	 1	 1	 1	 1	 1	 1	 1	 1	 1	 1	 1	 1	 1	 1	 1	 1	 1	 1	 1	 1	 1	 1	 1	 1	 1	 1	 1	 1	 1	 1	 1	 1	 1	 1	 1	 1	 1	 1	 1	 1	 1	 1	 1	 1	 1	 1	 1	 1	 1	 1	 1	 1	 1	 1	 1	 1	 1	 1	 1	 1	 1	 1	 1	 1	 1	 1	 1	 1	 1	 1	 1	 1	 1	 1	 1	 1	 1	 1	 1	 1	 1	 1	 1	 
]

DayAtPos 	 : 	 [
2	 2	 2	 2	 2	 2	 2	 2	 2	 2	 2	 2	 2	 2	 2	 2	 0	 0	 0	 0	 0	 0	 0	 0	 2	 0	 0	 0	 0	 0	 0	 0	 0	 0	 0	 0	 0	 0	 0	 0	 0	 0	 0	 0	 2	 0	 0	 0	 0	 0	 0	 0	 0	 0	 0	 2	 2	 2	 2	 2	 2	 2	 2	 2	 2	 2	 2	 2	 2	 2	 2	 2	 2	 2	 2	 2	 2	 2	 2	 2	 2	 2	 2	 2	 2	 2	 2	 2	 2	 2	 2	 2	 2	 2	 2	 2	 2	 2	 2	 2	 0	 0	 0	 0	 0	 0	 0	 0	 0	 0	 0	 0	 0	 0	 0	 0	 0	 0	 0	 0	 0	 0	 0	 0	 0	 0	 0	 0	 0	 0	 0	 0	 0	 0	 0	 0	 0	 0	 0	 0	 0	 0	 0	 0	 0	 0	 0	 0	 0	 0	 0	 0	 0	 0	 0	 0	 0	 0	 0	 0	 0	 0	 0	 0	 0	 0	 0	 0	 0	 0	 0	 0	 0	 0	 0	 0	 0	 0	 0	 0	 0	 0	 0	 0	 0	 0	 0	 0	 0	 0	 0	 0	 0	 0	 0	 0	 0	 0	 0	 0	 0	 0	 0	 0	 0	 0	 0	 0	 0	 0	 0	 0	 0	 0	 0	 0	 0	 0	 0	 0	 0	 0	 0	 0	 0	 0	 0	 0	 0	 0	 0	 0	 0	 0	 0	 0	 0	 0	 0	 0	 0	 0	 0	 0	 0	 0	 0	 0	 0	 0	 0	 0	 0	 0	 0	 0	 0	 0	 0	 0	 0	 0	 0	 0	 0	 0	 0	 0	 0	 0	 0	 0	 0	 0	 0	 0	 0	 0	 0	 0	 0	 0	 0	 0	 0	 0	 0	 0	 0	 0	 0	 0	 0	 0	 0	 0	 0	 0	 0	 0	 0	 0	 0	 0	 0	 0	 0	 0	 0	 0	 0	 0	 0	 0	 0	 0	 0	 0	 0	 0	 0	 0	 0	 0	 0	 0	 0	 0	 0	 0	 0	 0	 0	 0	 0	 0	 0	 0	 0	 0	 0	 0	 0	 0	 0	 0	 0	 0	 0	 0	 0	 0	 0	 0	 0	 0	 0	 0	 0	 0	 0	 0	 0	 0	 0	 0	 0	 0	 0	 0	 0	 0	 0	 0	 0	 0	 0	 0	 0	 0	 0	 0	 0	 0	 0	 0	 0	 0	 0	 0	 0	 0	 0	 0	 0	 0	 0	 0	 0	 0	 0	 0	 0	 0	 0	 0	 0	 0	 0	 0	 0	 0	 0	 0	 0	 0	 0	 0	 0	 0	 0	 0	 0	 0	 0	 0	 0	 0	 0	 0	 0	 0	 0	 0	 0	 0	 0	 0	 0	 0	 0	 0	 0	 0	 0	 0	 0	 0	 0	 0	 0	 0	 0	 0	 0	 0	 0	 0	 0	 0	 0	 0	 0	 0	 0	 0	 0	 0	 0	 0	 0	 0	 0	 0	 0	 0	 0	 0	 0	 0	 0	 0	 0	 0	 0	 0	 0	 0	 0	 0	 0	 0	 0	 0	 0	 0	 0	 0	 0	 0	 0	 0	 0	 0	 0	 0	 0	 0	 0	 0	 0	 0	 0	 0	 0	 0	 0	 0	 0	 0	 0	 0	 0	 6	 6	 0	 0	 0	 0	 0	 0	 0	 6	 6	 6	 6	 6	 6	 0	 0	 0	 0	 0	 0	 0	 0	 0	 0	 0	 0	 0	 0	 0	 0	 0	 0	 0	 0	 0	 0	 0	 0	 0	 0	 0	 0	 0	 0	 0	 0	 0	 0	 6	 6	 6	 6	 6	 0	 0	 0	 0	 0	 0	 0	 0	 0	 6	 6	 6	 6	 6	 6	 6	 6	 6	 6	 0	 0	 0	 0	 0	 0	 0	 0	 0	 0	 0	 0	 0	 0	 0	 0	 6	 0	 0	 0	 0	 0	 0	 0	 0	 0	 0	 0	 6	 0	 0	 6	 6	 0	 0	 0	 0	 0	 0	 0	 0	 0	 0	 0	 0	 6	 0	 0	 6	 6	 0	 0	 0	 0	 0	 0	 0	 0	 0	 0	 0	 0	 0	 0	 0	 0	 0	 6	 6	 0	 0	 0	 0	 0	 0	 0	 6	 6	 6	 6	 6	 6	 0	 0	 0	 0	 0	 0	 0	 0	 0	 0	 0	 0	 0	 0	 0	 0	 0	 0	 0	 6	 0	 0	 0	 0	 0	 0	 0	 0	 6	 0	 0	 0	 0	 6	 0	 0	 6	 6	 0	 0	 0	 6	 0	 0	 0	 0	 0	 0	 0	 0	 6	 0	 0	 0	 0	 6	 0	 0	 6	 6	 0	 0	 0	 0	 0	 6	 0	 0	 0	 0	 0	 0	 0	 0	 0	 6	 6	 6	 6	 6	 6	 0	 0	 0	 0	 0	 0	 0	 0	 0	 0	 0	 6	 0	 0	 0	 0	 0	 0	 0	 6	 6	 0	 0	 0	 6	 0	 0	 0	 0	 0	 0	 0	 0	 0	 6	 0	 0	 0	 0	 0	 6	 0	 0	 0	 0	 0	 6	 6	 0	 0	 0	 0	 0	 6	 0	 0	 0	 0	 0	 0	 0	 6	 6	 6	 6	 6	 6	 0	 0	 0	 0	 0	 0	 0	 0	 0	 0	 0	 0	 0	 6	 6	 6	 6	 6	 6	 6	 6	 6	 6	 6	 0	 0	 0	 0	 0	 0	 0	 0	 0	 0	 0	 0	 0	 0	 0	 0	 0	 0	 0	 0	 0	 0	 0	 6	 6	 6	 6	 6	 6	 6	 6	 6	 6	 0	 0	 0	 0	 0	 0	 0	 0	 0	 0	 0	 0	 0	 0	 0	 0	 0	 0	 0	 0	 0	 0	 0	 0	 0	 0	 0	 0	 0	 0	 0	 0	 0	 0	 0	 0	 0	 0	 0	 0	 0	 0	 0	 0	 0	 0	 0	 0	 0	 0	 0	 0	 0	 0	 0	 0	 0	 0	 0	 0	 0	 0	 0	 0	 0	 0	 0	 0	 0	 0	 0	 
2	 0	 0	 0	 0	 0	 0	 0	 0	 0	 0	 0	 0	 0	 0	 0	 2	 2	 2	 2	 2	 2	 2	 2	 0	 0	 0	 0	 0	 0	 0	 0	 0	 0	 0	 0	 0	 0	 0	 0	 0	 0	 0	 0	 0	 2	 2	 0	 0	 0	 0	 0	 0	 0	 0	 0	 0	 0	 0	 0	 0	 0	 0	 0	 0	 0	 0	 0	 0	 0	 0	 0	 0	 0	 0	 0	 0	 0	 0	 0	 0	 0	 0	 0	 0	 0	 0	 0	 0	 0	 0	 0	 0	 0	 0	 0	 0	 0	 0	 0	 2	 2	 2	 2	 2	 2	 2	 2	 2	 2	 2	 2	 2	 2	 2	 2	 2	 2	 2	 0	 0	 0	 0	 0	 0	 0	 0	 0	 0	 0	 0	 0	 0	 0	 0	 0	 0	 0	 0	 0	 0	 0	 0	 0	 0	 0	 0	 0	 0	 0	 0	 0	 0	 0	 0	 0	 0	 0	 0	 0	 0	 0	 0	 0	 0	 0	 0	 0	 0	 0	 0	 0	 0	 0	 0	 0	 0	 0	 0	 0	 0	 0	 0	 0	 0	 0	 0	 0	 0	 0	 0	 0	 0	 0	 0	 0	 0	 0	 0	 0	 0	 0	 0	 0	 0	 0	 0	 0	 0	 0	 0	 0	 0	 0	 0	 0	 0	 0	 0	 0	 0	 0	 0	 0	 0	 0	 0	 0	 0	 0	 0	 0	 0	 0	 0	 0	 0	 0	 0	 0	 0	 0	 0	 0	 0	 0	 0	 0	 0	 0	 0	 0	 0	 0	 0	 0	 0	 0	 0	 0	 0	 0	 0	 0	 0	 0	 0	 0	 0	 0	 0	 0	 0	 0	 0	 0	 0	 0	 0	 0	 0	 0	 0	 0	 0	 0	 0	 0	 0	 0	 0	 0	 0	 0	 0	 0	 0	 0	 0	 0	 0	 0	 0	 0	 0	 0	 5	 5	 5	 5	 0	 0	 0	 0	 0	 0	 0	 0	 0	 0	 0	 0	 0	 0	 0	 0	 5	 5	 0	 0	 0	 0	 0	 0	 0	 0	 0	 0	 0	 0	 0	 0	 0	 0	 0	 0	 0	 0	 0	 0	 5	 0	 0	 0	 0	 0	 0	 0	 0	 0	 0	 0	 0	 0	 0	 5	 0	 0	 0	 0	 0	 0	 0	 0	 0	 0	 0	 0	 0	 0	 5	 0	 0	 0	 0	 0	 0	 5	 5	 0	 0	 0	 0	 5	 0	 0	 0	 0	 0	 0	 0	 0	 0	 0	 0	 0	 5	 0	 0	 0	 0	 0	 0	 0	 0	 0	 0	 0	 0	 0	 0	 5	 0	 0	 0	 5	 5	 0	 0	 0	 0	 5	 0	 0	 0	 0	 0	 0	 0	 0	 0	 0	 5	 0	 0	 0	 0	 0	 5	 5	 5	 0	 0	 0	 0	 0	 5	 0	 0	 0	 0	 0	 0	 0	 0	 0	 0	 0	 0	 0	 0	 0	 0	 5	 0	 0	 0	 0	 0	 0	 0	 0	 0	 0	 5	 0	 0	 0	 0	 0	 0	 0	 0	 0	 0	 0	 0	 0	 0	 5	 5	 0	 0	 0	 0	 5	 0	 0	 0	 0	 0	 5	 5	 0	 0	 0	 0	 6	 0	 0	 5	 0	 0	 0	 0	 6	 0	 0	 0	 0	 0	 0	 0	 0	 0	 0	 0	 0	 6	 6	 6	 0	 0	 0	 0	 0	 0	 0	 0	 5	 5	 5	 5	 0	 0	 6	 0	 0	 0	 0	 0	 6	 0	 0	 0	 5	 0	 0	 0	 0	 0	 0	 0	 0	 0	 0	 0	 6	 0	 0	 0	 0	 0	 0	 0	 0	 6	 0	 0	 0	 0	 0	 0	 0	 0	 0	 6	 6	 6	 6	 0	 0	 0	 0	 0	 0	 0	 0	 0	 0	 0	 0	 0	 0	 0	 0	 0	 5	 0	 0	 0	 0	 0	 0	 0	 0	 0	 0	 0	 6	 0	 0	 0	 0	 5	 0	 0	 0	 0	 0	 0	 0	 0	 0	 0	 0	 6	 0	 0	 0	 0	 5	 5	 0	 0	 0	 0	 6	 0	 0	 5	 0	 0	 0	 0	 6	 0	 0	 0	 0	 0	 0	 0	 0	 0	 0	 0	 0	 6	 6	 6	 0	 0	 0	 0	 0	 0	 0	 0	 5	 5	 5	 5	 5	 5	 5	 5	 5	 6	 5	 5	 5	 5	 5	 0	 0	 0	 0	 0	 0	 0	 0	 0	 0	 0	 0	 6	 6	 0	 0	 0	 0	 0	 0	 0	 0	 0	 0	 0	 0	 0	 0	 0	 0	 0	 0	 0	 0	 6	 6	 6	 6	 0	 0	 0	 0	 0	 0	 0	 0	 0	 6	 0	 0	 0	 0	 0	 0	 0	 6	 6	 6	 0	 0	 0	 0	 0	 0	 0	 0	 5	 6	 5	 5	 5	 5	 5	 5	 0	 0	 6	 6	 0	 0	 0	 0	 0	 0	 0	 0	 0	 0	 0	 0	 0	 0	 0	 0	 0	 0	 0	 0	 0	 0	 0	 0	 0	 6	 6	 6	 6	 0	 0	 0	 0	 0	 0	 0	 0	 0	 0	 0	 0	 0	 0	 0	 6	 6	 6	 0	 0	 0	 0	 0	 0	 0	 0	 0	 0	 6	 0	 0	 0	 0	 0	 0	 0	 0	 0	 0	 6	 6	 6	 6	 6	 6	 6	 0	 0	 0	 0	 0	 0	 0	 0	 0	 0	 0	 6	 0	 0	 0	 0	 0	 0	 0	 0	 0	 0	 0	 0	 0	 0	 6	 6	 6	 6	 6	 6	 0	 0	 0	 0	 0	 0	 0	 0	 0	 0	 0	 0	 0	 0	 0	 0	 0	 0	 0	 0	 0	 0	 0	 0	 0	 0	 0	 0	 0	 0	 0	 0	 0	 0	 0	 0	 0	 0	 0	 0	 0	 0	 0	 0	 0	 0	 0	 0	 0	 0	 0	 0	 0	 0	 0	 0	 0	 0	 0	 0	 0	 0	 0	 0	 0	 
0	 0	 0	 0	 0	 0	 0	 0	 0	 0	 0	 0	 0	 0	 0	 0	 0	 0	 0	 0	 0	 0	 0	 0	 0	 0	 0	 0	 0	 0	 0	 0	 0	 0	 0	 0	 0	 0	 0	 0	 0	 0	 0	 0	 0	 0	 0	 0	 0	 0	 0	 0	 0	 0	 0	 0	 0	 0	 0	 0	 0	 4	 4	 0	 0	 0	 0	 0	 0	 0	 0	 4	 4	 4	 4	 4	 4	 4	 4	 4	 4	 4	 0	 0	 0	 0	 0	 0	 0	 0	 0	 0	 0	 0	 0	 0	 0	 0	 0	 0	 0	 4	 0	 0	 0	 0	 0	 4	 0	 0	 4	 4	 4	 0	 0	 0	 0	 0	 0	 0	 0	 0	 0	 0	 4	 4	 0	 0	 0	 0	 0	 0	 0	 0	 4	 4	 0	 0	 0	 0	 0	 0	 4	 4	 0	 0	 0	 4	 4	 4	 4	 0	 0	 0	 0	 0	 0	 0	 0	 0	 0	 0	 0	 4	 4	 0	 0	 0	 0	 0	 0	 0	 0	 0	 0	 0	 0	 0	 0	 4	 4	 4	 0	 0	 0	 4	 4	 4	 4	 0	 0	 0	 0	 0	 0	 0	 0	 0	 4	 4	 0	 0	 0	 0	 0	 0	 0	 0	 4	 4	 0	 0	 0	 0	 0	 0	 4	 4	 4	 0	 0	 0	 4	 4	 4	 4	 0	 0	 0	 0	 0	 0	 0	 4	 4	 0	 0	 0	 4	 4	 4	 4	 0	 0	 0	 0	 0	 0	 0	 4	 4	 4	 4	 4	 4	 4	 4	 4	 4	 4	 4	 4	 0	 0	 0	 0	 0	 0	 0	 0	 0	 0	 0	 0	 0	 0	 0	 0	 0	 0	 0	 4	 4	 0	 0	 0	 0	 0	 0	 0	 0	 0	 0	 4	 4	 4	 4	 4	 4	 0	 0	 0	 0	 0	 0	 0	 0	 0	 0	 0	 0	 0	 0	 4	 4	 4	 4	 4	 4	 0	 0	 0	 0	 0	 0	 0	 0	 0	 0	 0	 0	 0	 0	 0	 0	 0	 0	 0	 4	 4	 4	 4	 4	 4	 4	 4	 4	 4	 4	 4	 4	 4	 4	 4	 4	 4	 4	 0	 0	 0	 0	 0	 0	 0	 0	 0	 0	 0	 0	 0	 0	 0	 0	 0	 0	 0	 0	 0	 0	 0	 0	 0	 0	 0	 0	 0	 0	 0	 0	 0	 0	 0	 0	 0	 0	 0	 0	 0	 0	 4	 4	 4	 4	 4	 4	 4	 4	 4	 4	 4	 4	 4	 4	 4	 4	 4	 4	 4	 4	 4	 4	 4	 4	 4	 4	 4	 4	 4	 4	 4	 4	 4	 4	 4	 4	 4	 4	 0	 0	 0	 0	 0	 0	 0	 0	 0	 0	 0	 0	 0	 0	 0	 0	 0	 0	 0	 0	 0	 0	 0	 0	 0	 0	 0	 4	 4	 0	 0	 0	 0	 0	 0	 0	 0	 0	 0	 0	 0	 0	 0	 4	 4	 0	 0	 0	 0	 0	 0	 0	 0	 0	 4	 4	 4	 4	 0	 0	 0	 0	 0	 0	 0	 0	 0	 0	 0	 0	 0	 0	 0	 0	 4	 4	 4	 4	 4	 4	 4	 4	 4	 4	 4	 4	 4	 4	 4	 6	 6	 6	 4	 4	 4	 6	 6	 4	 4	 4	 4	 4	 4	 6	 6	 6	 6	 6	 4	 4	 4	 4	 0	 0	 0	 0	 0	 0	 0	 0	 0	 0	 0	 0	 0	 0	 0	 0	 0	 0	 0	 0	 0	 0	 0	 6	 0	 0	 0	 0	 0	 6	 6	 6	 6	 0	 0	 0	 0	 0	 6	 6	 6	 6	 0	 0	 0	 0	 0	 0	 0	 0	 6	 6	 6	 6	 6	 6	 0	 0	 0	 0	 0	 0	 0	 0	 6	 0	 0	 0	 0	 0	 0	 0	 0	 0	 0	 0	 6	 0	 6	 0	 0	 6	 0	 0	 0	 0	 0	 0	 0	 0	 0	 0	 0	 6	 0	 6	 0	 0	 6	 0	 0	 0	 0	 0	 0	 0	 0	 0	 0	 0	 0	 0	 0	 0	 0	 0	 0	 6	 6	 6	 0	 0	 0	 6	 6	 0	 0	 0	 0	 0	 0	 6	 6	 6	 6	 6	 0	 0	 0	 0	 0	 0	 0	 6	 0	 0	 6	 0	 0	 0	 6	 0	 0	 0	 0	 0	 0	 0	 6	 0	 0	 0	 0	 6	 0	 6	 0	 0	 0	 6	 0	 6	 0	 0	 0	 0	 0	 0	 0	 0	 6	 0	 0	 0	 0	 6	 0	 6	 0	 6	 0	 0	 0	 6	 0	 6	 0	 0	 0	 0	 0	 0	 0	 0	 6	 6	 0	 0	 0	 0	 0	 0	 6	 6	 6	 6	 6	 0	 0	 0	 0	 0	 0	 6	 0	 0	 0	 0	 0	 6	 0	 0	 0	 6	 0	 6	 0	 0	 0	 0	 0	 0	 0	 0	 0	 6	 0	 0	 0	 0	 0	 6	 0	 0	 0	 0	 6	 0	 6	 0	 0	 0	 6	 0	 6	 0	 0	 0	 0	 0	 0	 6	 6	 0	 0	 0	 0	 0	 0	 6	 6	 6	 6	 6	 0	 0	 0	 0	 0	 0	 0	 6	 6	 6	 6	 0	 0	 0	 0	 0	 0	 6	 0	 0	 0	 0	 0	 6	 6	 6	 6	 6	 6	 6	 0	 0	 0	 0	 0	 0	 0	 0	 0	 0	 0	 0	 0	 0	 0	 0	 0	 0	 0	 0	 0	 0	 0	 0	 0	 0	 6	 6	 6	 6	 6	 6	 6	 6	 6	 6	 0	 0	 0	 0	 0	 0	 0	 0	 0	 0	 0	 0	 0	 0	 0	 0	 0	 0	 0	 0	 0	 0	 0	 0	 0	 0	 0	 0	 0	 0	 0	 0	 0	 0	 0	 0	 0	 0	 0	 0	 0	 0	 0	 0	 0	 0	 0	 0	 0	 0	 0	 0	 0	 0	 0	 
0	 0	 0	 0	 0	 0	 0	 0	 0	 0	 0	 0	 0	 0	 0	 0	 0	 0	 0	 0	 0	 0	 0	 0	 0	 0	 0	 0	 0	 0	 0	 0	 0	 0	 0	 0	 0	 0	 0	 0	 0	 0	 0	 0	 0	 0	 0	 0	 0	 0	 0	 0	 0	 0	 0	 0	 0	 0	 0	 0	 0	 4	 0	 4	 4	 4	 4	 4	 0	 0	 0	 4	 4	 4	 4	 4	 0	 0	 0	 0	 0	 0	 4	 4	 4	 4	 4	 4	 4	 4	 4	 0	 0	 0	 0	 0	 0	 0	 0	 0	 0	 0	 4	 0	 0	 4	 0	 0	 4	 0	 4	 0	 0	 4	 4	 0	 0	 0	 0	 0	 4	 0	 4	 0	 4	 0	 4	 4	 0	 0	 0	 0	 4	 0	 4	 0	 4	 4	 0	 0	 0	 0	 4	 0	 4	 4	 0	 4	 4	 0	 0	 4	 4	 0	 0	 0	 0	 0	 4	 0	 0	 4	 0	 4	 0	 4	 4	 0	 0	 0	 0	 0	 0	 0	 0	 0	 0	 0	 0	 4	 0	 0	 4	 4	 0	 4	 4	 0	 0	 4	 4	 0	 0	 4	 0	 0	 4	 0	 4	 0	 4	 4	 0	 0	 0	 0	 4	 0	 4	 0	 4	 4	 0	 0	 0	 0	 4	 0	 0	 4	 4	 0	 4	 4	 0	 0	 4	 4	 0	 0	 0	 0	 0	 4	 0	 4	 4	 0	 4	 4	 0	 0	 4	 4	 0	 0	 0	 0	 0	 4	 4	 4	 4	 4	 4	 0	 0	 0	 0	 0	 0	 0	 4	 4	 4	 4	 4	 4	 4	 4	 4	 4	 0	 0	 0	 0	 0	 0	 0	 0	 0	 4	 0	 4	 4	 4	 0	 0	 0	 0	 0	 0	 0	 4	 4	 4	 0	 0	 0	 4	 4	 4	 0	 0	 0	 0	 0	 0	 0	 0	 0	 0	 0	 4	 4	 4	 0	 0	 0	 4	 4	 4	 0	 0	 0	 0	 0	 0	 0	 0	 0	 0	 0	 0	 0	 0	 0	 0	 4	 4	 4	 4	 4	 4	 4	 0	 0	 0	 0	 0	 0	 0	 0	 0	 0	 0	 0	 4	 4	 4	 4	 4	 4	 4	 4	 4	 4	 4	 4	 4	 4	 4	 4	 4	 4	 0	 0	 0	 0	 0	 0	 0	 0	 0	 0	 0	 0	 0	 0	 0	 0	 0	 0	 0	 0	 0	 0	 0	 0	 4	 4	 4	 4	 4	 4	 4	 4	 4	 4	 4	 4	 4	 4	 4	 4	 4	 0	 0	 0	 0	 0	 0	 0	 0	 0	 0	 0	 0	 0	 0	 0	 0	 0	 0	 0	 0	 0	 4	 4	 4	 4	 4	 4	 4	 4	 4	 4	 4	 4	 4	 4	 4	 4	 4	 4	 4	 4	 4	 4	 4	 4	 4	 4	 4	 4	 0	 4	 0	 0	 0	 0	 0	 0	 0	 0	 0	 0	 0	 0	 0	 4	 0	 4	 0	 0	 0	 0	 0	 0	 0	 0	 4	 0	 0	 0	 4	 4	 4	 4	 0	 0	 0	 0	 0	 0	 0	 0	 0	 0	 0	 0	 0	 0	 0	 0	 0	 0	 0	 0	 0	 0	 0	 0	 0	 0	 0	 0	 0	 0	 0	 0	 0	 0	 0	 0	 0	 0	 0	 0	 0	 0	 0	 0	 0	 0	 0	 0	 0	 0	 4	 4	 4	 4	 4	 4	 4	 4	 4	 4	 4	 4	 4	 4	 4	 4	 4	 4	 4	 4	 4	 4	 4	 4	 4	 4	 4	 4	 4	 4	 4	 4	 4	 4	 4	 4	 4	 4	 4	 4	 4	 4	 4	 4	 4	 4	 4	 4	 4	 4	 4	 4	 4	 4	 4	 4	 4	 4	 4	 4	 0	 0	 0	 0	 0	 0	 0	 0	 0	 0	 0	 0	 0	 0	 0	 0	 0	 0	 0	 0	 0	 0	 0	 0	 0	 0	 0	 0	 0	 0	 0	 0	 0	 0	 0	 0	 0	 0	 0	 0	 0	 0	 0	 0	 0	 0	 0	 0	 0	 0	 0	 0	 0	 0	 0	 0	 0	 0	 0	 0	 0	 0	 0	 0	 0	 0	 0	 0	 0	 0	 0	 0	 0	 0	 0	 0	 0	 0	 0	 0	 0	 0	 0	 0	 0	 0	 0	 0	 0	 0	 0	 0	 0	 0	 0	 0	 0	 0	 0	 0	 0	 0	 0	 0	 0	 0	 0	 0	 0	 0	 0	 0	 0	 0	 0	 0	 0	 0	 0	 0	 0	 0	 0	 0	 0	 0	 0	 0	 0	 0	 0	 0	 0	 0	 0	 0	 0	 0	 0	 0	 0	 0	 0	 0	 0	 0	 0	 0	 0	 0	 0	 0	 0	 0	 0	 0	 0	 0	 0	 0	 0	 0	 0	 0	 0	 0	 0	 0	 0	 0	 0	 0	 0	 0	 0	 0	 0	 0	 0	 0	 0	 0	 0	 0	 0	 0	 0	 0	 0	 0	 0	 0	 0	 0	 0	 0	 0	 0	 0	 0	 0	 0	 0	 0	 0	 0	 0	 0	 0	 0	 0	 0	 0	 0	 0	 0	 0	 0	 0	 0	 0	 0	 0	 0	 0	 0	 0	 0	 0	 0	 0	 0	 0	 0	 0	 0	 0	 0	 0	 0	 0	 0	 0	 0	 0	 0	 0	 0	 0	 0	 0	 0	 0	 0	 0	 0	 0	 0	 0	 0	 0	 0	 0	 0	 0	 0	 0	 0	 0	 0	 0	 0	 0	 0	 0	 0	 0	 0	 0	 0	 0	 0	 0	 0	 0	 0	 0	 0	 0	 0	 0	 0	 0	 0	 0	 0	 0	 0	 0	 0	 0	 0	 0	 0	 0	 0	 0	 0	 0	 0	 0	 0	 0	 0	 0	 0	 0	 0	 0	 0	 0	 0	 0	 0	 0	 0	 0	 0	 0	 0	 0	 0	 0	 0	 0	 0	 0	 0	 0	 0	 0	 0	 0	 0	 0	 
0	 2	 2	 2	 0	 0	 0	 0	 0	 0	 0	 0	 0	 0	 0	 0	 2	 2	 0	 0	 0	 0	 0	 0	 2	 2	 2	 2	 2	 2	 2	 2	 2	 2	 2	 2	 2	 2	 2	 0	 0	 0	 0	 0	 0	 0	 0	 2	 2	 0	 0	 0	 0	 0	 0	 0	 0	 0	 0	 0	 0	 0	 0	 0	 0	 5	 0	 0	 0	 0	 0	 0	 0	 5	 0	 0	 0	 0	 0	 5	 0	 0	 0	 0	 0	 5	 0	 0	 5	 0	 0	 0	 0	 0	 0	 0	 5	 0	 0	 0	 0	 0	 0	 0	 0	 0	 0	 0	 0	 0	 0	 0	 0	 0	 0	 0	 0	 0	 0	 2	 2	 2	 2	 2	 2	 2	 2	 2	 2	 2	 2	 2	 2	 2	 2	 2	 2	 2	 2	 2	 2	 2	 2	 2	 2	 2	 2	 2	 2	 2	 2	 2	 2	 2	 2	 2	 2	 2	 0	 0	 0	 0	 0	 0	 0	 0	 0	 0	 0	 0	 0	 2	 2	 2	 0	 0	 0	 0	 0	 0	 0	 0	 0	 0	 0	 0	 0	 0	 0	 0	 0	 0	 0	 0	 0	 0	 0	 0	 0	 0	 0	 0	 0	 0	 0	 0	 0	 0	 0	 0	 0	 0	 0	 0	 0	 0	 0	 0	 0	 0	 0	 0	 0	 0	 0	 0	 0	 0	 0	 0	 0	 0	 0	 0	 0	 0	 0	 0	 0	 0	 0	 0	 0	 0	 0	 0	 0	 0	 0	 0	 0	 0	 5	 0	 0	 0	 0	 0	 0	 5	 0	 0	 0	 0	 0	 0	 5	 0	 0	 5	 0	 0	 0	 0	 0	 0	 0	 5	 0	 0	 0	 0	 0	 0	 0	 0	 0	 0	 0	 5	 0	 0	 0	 0	 0	 0	 0	 0	 0	 0	 0	 0	 0	 0	 0	 0	 0	 0	 0	 0	 0	 0	 0	 0	 0	 0	 0	 0	 0	 0	 0	 0	 0	 0	 0	 0	 0	 0	 5	 5	 5	 5	 0	 0	 0	 0	 0	 0	 0	 0	 0	 5	 0	 0	 0	 0	 0	 0	 0	 0	 0	 5	 0	 0	 0	 0	 0	 0	 0	 0	 0	 5	 0	 0	 0	 0	 5	 5	 0	 0	 5	 0	 0	 0	 0	 0	 0	 0	 0	 0	 0	 5	 0	 0	 0	 0	 0	 0	 0	 5	 5	 0	 0	 0	 5	 0	 0	 0	 0	 0	 0	 0	 0	 5	 0	 0	 0	 5	 5	 0	 0	 5	 0	 0	 0	 0	 0	 0	 0	 0	 0	 0	 5	 0	 0	 0	 0	 5	 5	 0	 0	 0	 5	 0	 0	 0	 0	 0	 0	 0	 0	 0	 0	 5	 5	 0	 0	 0	 5	 0	 0	 5	 5	 0	 0	 0	 0	 5	 5	 0	 0	 0	 0	 0	 0	 0	 0	 0	 5	 0	 0	 0	 0	 0	 5	 5	 0	 0	 0	 0	 0	 0	 0	 0	 0	 5	 5	 0	 0	 0	 0	 0	 0	 0	 0	 5	 0	 0	 0	 0	 0	 5	 5	 0	 0	 0	 5	 0	 0	 0	 0	 0	 0	 5	 5	 5	 0	 0	 0	 0	 0	 5	 0	 0	 0	 0	 0	 0	 0	 0	 0	 0	 0	 0	 0	 0	 0	 0	 0	 0	 0	 0	 0	 0	 0	 0	 0	 0	 0	 5	 0	 0	 0	 5	 5	 5	 5	 5	 5	 0	 0	 0	 0	 0	 0	 0	 5	 5	 5	 0	 0	 0	 0	 0	 0	 0	 0	 0	 0	 0	 0	 0	 0	 0	 0	 0	 0	 0	 0	 0	 0	 0	 0	 0	 0	 0	 0	 0	 0	 0	 0	 0	 0	 0	 0	 0	 0	 0	 0	 5	 0	 0	 0	 0	 0	 0	 0	 0	 5	 5	 5	 0	 0	 0	 0	 0	 0	 0	 0	 0	 0	 0	 0	 0	 0	 5	 5	 5	 0	 0	 0	 0	 0	 0	 0	 0	 0	 0	 0	 0	 0	 0	 0	 5	 5	 5	 0	 0	 0	 0	 0	 5	 0	 0	 0	 0	 0	 0	 0	 0	 0	 0	 0	 0	 0	 0	 0	 0	 0	 0	 0	 0	 0	 0	 0	 0	 0	 0	 0	 5	 5	 0	 0	 0	 0	 0	 0	 0	 0	 0	 0	 0	 0	 0	 5	 5	 5	 5	 5	 5	 5	 5	 5	 5	 5	 5	 5	 5	 5	 5	 5	 5	 5	 5	 5	 5	 0	 0	 0	 0	 0	 0	 0	 0	 0	 0	 0	 0	 0	 0	 0	 0	 0	 0	 0	 0	 0	 0	 0	 0	 5	 0	 0	 0	 0	 0	 0	 0	 0	 0	 0	 0	 0	 0	 0	 0	 0	 0	 0	 0	 0	 0	 0	 0	 0	 0	 0	 0	 5	 5	 5	 5	 5	 5	 5	 5	 5	 5	 5	 5	 5	 5	 5	 0	 0	 0	 0	 0	 0	 5	 5	 5	 5	 5	 5	 0	 0	 0	 0	 0	 0	 0	 0	 0	 0	 0	 0	 0	 0	 0	 0	 0	 0	 0	 0	 0	 0	 0	 0	 0	 0	 0	 0	 0	 0	 0	 0	 0	 0	 0	 0	 0	 0	 0	 0	 0	 0	 0	 0	 0	 0	 0	 0	 0	 0	 0	 0	 0	 0	 0	 0	 0	 0	 0	 0	 0	 0	 0	 0	 0	 0	 0	 0	 0	 0	 0	 0	 0	 0	 0	 0	 0	 0	 0	 0	 0	 0	 0	 0	 0	 0	 0	 0	 0	 0	 0	 0	 0	 0	 0	 0	 0	 0	 0	 0	 0	 0	 0	 0	 0	 0	 0	 0	 0	 0	 0	 0	 0	 0	 0	 0	 0	 0	 0	 0	 0	 0	 0	 0	 0	 0	 0	 0	 0	 0	 0	 0	 0	 0	 0	 0	 0	 0	 0	 0	 0	 0	 0	 0	 0	 0	 0	 0	 0	 
0	 0	 0	 0	 2	 0	 3	 0	 0	 0	 0	 0	 0	 0	 0	 0	 0	 0	 0	 0	 0	 0	 0	 0	 0	 2	 0	 3	 0	 0	 0	 0	 0	 0	 0	 0	 0	 0	 0	 2	 2	 2	 2	 2	 0	 0	 0	 0	 0	 3	 0	 0	 0	 0	 0	 3	 0	 0	 0	 0	 0	 0	 0	 0	 0	 0	 0	 0	 0	 0	 0	 0	 0	 0	 0	 0	 0	 0	 0	 0	 0	 0	 0	 0	 0	 0	 0	 0	 0	 0	 0	 0	 0	 0	 0	 0	 0	 0	 0	 0	 0	 0	 0	 0	 0	 0	 0	 0	 0	 0	 0	 0	 0	 0	 0	 0	 0	 0	 0	 3	 0	 0	 0	 0	 0	 0	 0	 0	 0	 0	 0	 0	 0	 0	 0	 0	 0	 0	 0	 0	 0	 0	 0	 0	 0	 0	 0	 0	 0	 0	 0	 0	 0	 0	 0	 0	 0	 0	 2	 2	 2	 2	 2	 2	 2	 2	 2	 2	 2	 2	 2	 0	 0	 0	 2	 3	 0	 0	 0	 0	 0	 0	 0	 0	 0	 0	 0	 0	 0	 0	 0	 0	 0	 3	 3	 3	 3	 3	 3	 3	 3	 3	 3	 3	 3	 3	 0	 0	 0	 0	 0	 0	 0	 0	 0	 0	 0	 0	 0	 0	 0	 0	 0	 0	 0	 0	 0	 0	 0	 0	 0	 0	 0	 0	 0	 0	 0	 0	 0	 0	 0	 0	 0	 0	 0	 0	 0	 0	 0	 0	 0	 0	 0	 0	 0	 0	 0	 0	 0	 0	 0	 0	 0	 0	 0	 0	 0	 0	 0	 0	 0	 0	 0	 0	 0	 0	 0	 0	 0	 0	 0	 3	 3	 3	 3	 3	 3	 3	 3	 3	 3	 3	 3	 0	 0	 0	 0	 0	 0	 0	 0	 0	 0	 0	 0	 0	 0	 0	 0	 0	 5	 0	 0	 0	 0	 0	 0	 0	 0	 0	 0	 0	 0	 0	 0	 0	 0	 0	 0	 0	 0	 0	 5	 0	 0	 0	 0	 0	 0	 0	 0	 0	 0	 0	 0	 0	 0	 0	 0	 0	 0	 0	 0	 0	 0	 0	 0	 0	 0	 0	 0	 0	 0	 0	 0	 0	 0	 0	 5	 0	 0	 0	 0	 0	 0	 0	 0	 0	 0	 0	 0	 0	 0	 0	 0	 0	 0	 0	 0	 0	 0	 5	 0	 0	 0	 0	 0	 0	 0	 0	 0	 0	 0	 0	 0	 0	 0	 0	 0	 5	 0	 0	 0	 0	 0	 0	 0	 0	 0	 0	 0	 0	 0	 0	 0	 0	 0	 0	 0	 5	 0	 0	 0	 0	 0	 0	 0	 0	 0	 0	 0	 0	 0	 0	 0	 5	 0	 0	 0	 0	 0	 0	 0	 5	 5	 0	 0	 0	 0	 5	 0	 0	 0	 0	 0	 0	 0	 0	 0	 0	 0	 0	 0	 0	 0	 0	 5	 0	 0	 0	 0	 0	 0	 0	 0	 0	 0	 5	 0	 0	 0	 0	 0	 0	 0	 0	 0	 0	 0	 0	 0	 0	 0	 5	 0	 0	 0	 0	 0	 0	 0	 0	 0	 0	 0	 0	 5	 0	 0	 0	 0	 0	 0	 0	 0	 0	 0	 0	 0	 0	 0	 0	 0	 0	 0	 0	 0	 0	 0	 0	 0	 0	 0	 0	 0	 0	 0	 0	 0	 0	 0	 0	 0	 0	 0	 0	 0	 0	 0	 5	 5	 0	 0	 0	 0	 0	 0	 0	 0	 5	 0	 0	 0	 0	 0	 0	 0	 0	 0	 0	 0	 0	 0	 0	 0	 0	 0	 0	 0	 0	 0	 0	 0	 0	 0	 0	 0	 0	 0	 0	 0	 0	 0	 0	 0	 0	 0	 0	 0	 0	 0	 0	 0	 0	 0	 0	 0	 0	 0	 0	 0	 5	 0	 0	 0	 0	 0	 0	 0	 0	 0	 0	 0	 0	 0	 0	 0	 0	 5	 0	 0	 0	 0	 0	 0	 0	 0	 0	 0	 0	 0	 0	 0	 0	 0	 0	 5	 0	 0	 0	 0	 0	 0	 0	 0	 0	 0	 0	 0	 0	 0	 0	 0	 0	 0	 0	 0	 0	 0	 0	 0	 0	 0	 0	 0	 0	 0	 0	 0	 0	 0	 0	 0	 0	 0	 0	 0	 0	 0	 0	 0	 0	 0	 0	 5	 0	 0	 0	 0	 0	 0	 0	 0	 0	 0	 0	 0	 0	 0	 0	 0	 0	 0	 0	 0	 0	 5	 5	 5	 5	 5	 5	 5	 0	 0	 0	 0	 0	 0	 0	 0	 0	 0	 0	 0	 0	 0	 0	 0	 0	 0	 0	 0	 0	 0	 0	 0	 0	 0	 0	 0	 0	 0	 0	 0	 0	 0	 0	 0	 0	 0	 0	 0	 0	 0	 0	 0	 0	 0	 0	 0	 0	 0	 0	 0	 0	 0	 0	 0	 7	 0	 0	 0	 5	 5	 5	 5	 5	 5	 0	 0	 0	 0	 0	 0	 0	 0	 0	 0	 0	 0	 0	 0	 0	 0	 0	 0	 0	 7	 0	 0	 0	 0	 0	 0	 0	 0	 0	 0	 0	 0	 0	 0	 0	 0	 0	 7	 0	 0	 0	 0	 0	 0	 0	 0	 0	 0	 7	 0	 0	 0	 0	 0	 0	 0	 0	 0	 0	 0	 0	 7	 0	 0	 0	 7	 0	 0	 0	 0	 0	 7	 0	 0	 7	 0	 0	 8	 0	 0	 0	 0	 0	 0	 0	 0	 0	 0	 0	 0	 7	 0	 0	 8	 0	 0	 0	 0	 0	 0	 7	 0	 0	 0	 0	 8	 0	 0	 0	 0	 0	 0	 0	 0	 0	 7	 0	 0	 0	 0	 7	 7	 7	 7	 7	 8	 0	 0	 0	 0	 0	 0	 7	 7	 7	 7	 8	 0	 0	 0	 0	 0	 0	 8	 8	 8	 8	 0	 0	 0	 0	 0	 0	 0	 0	 
0	 3	 0	 0	 0	 0	 0	 3	 3	 0	 3	 0	 0	 0	 0	 0	 0	 0	 0	 3	 3	 0	 0	 0	 0	 0	 0	 0	 3	 3	 3	 3	 3	 0	 0	 0	 0	 0	 0	 0	 3	 0	 0	 0	 0	 3	 0	 3	 0	 0	 3	 3	 0	 0	 0	 0	 3	 3	 0	 3	 0	 0	 0	 0	 0	 0	 5	 0	 0	 0	 0	 0	 0	 0	 5	 0	 0	 0	 0	 0	 5	 0	 0	 0	 0	 0	 5	 0	 0	 5	 0	 0	 0	 0	 0	 0	 0	 5	 0	 0	 3	 3	 3	 3	 3	 0	 0	 0	 0	 0	 0	 0	 0	 0	 0	 0	 0	 0	 0	 0	 3	 3	 3	 3	 3	 3	 3	 3	 3	 3	 3	 3	 0	 0	 0	 0	 0	 0	 0	 0	 0	 0	 0	 0	 0	 0	 0	 0	 0	 0	 0	 0	 0	 0	 0	 0	 0	 0	 3	 3	 0	 0	 0	 0	 0	 0	 0	 0	 0	 0	 0	 3	 0	 0	 0	 0	 3	 3	 0	 0	 0	 0	 0	 0	 0	 0	 0	 0	 0	 0	 0	 0	 0	 3	 3	 0	 0	 0	 0	 0	 0	 0	 0	 0	 0	 0	 3	 3	 3	 3	 3	 3	 3	 3	 3	 3	 3	 3	 3	 3	 3	 3	 3	 3	 3	 3	 3	 3	 3	 3	 3	 3	 3	 0	 0	 0	 0	 0	 0	 0	 0	 0	 0	 0	 0	 0	 0	 0	 0	 0	 0	 0	 0	 5	 0	 0	 0	 5	 0	 0	 5	 0	 0	 0	 0	 0	 0	 5	 0	 0	 5	 0	 0	 0	 0	 0	 0	 0	 5	 0	 0	 0	 0	 0	 0	 0	 0	 0	 0	 0	 5	 0	 0	 3	 3	 3	 3	 3	 3	 3	 3	 3	 3	 3	 3	 3	 5	 3	 3	 3	 3	 3	 3	 0	 0	 0	 0	 0	 0	 0	 0	 0	 0	 0	 0	 0	 0	 0	 5	 0	 0	 0	 0	 5	 5	 5	 0	 0	 0	 0	 0	 0	 5	 0	 0	 0	 0	 5	 0	 0	 0	 0	 5	 5	 0	 0	 0	 0	 0	 0	 0	 0	 5	 0	 0	 0	 5	 0	 0	 5	 0	 5	 0	 0	 0	 0	 0	 0	 0	 0	 0	 0	 5	 5	 0	 0	 0	 5	 0	 5	 0	 0	 5	 0	 0	 5	 0	 0	 0	 0	 0	 0	 0	 0	 5	 0	 0	 5	 0	 0	 5	 0	 5	 0	 0	 0	 0	 0	 0	 0	 0	 0	 0	 5	 0	 5	 0	 5	 0	 0	 5	 0	 0	 5	 0	 0	 0	 0	 0	 0	 0	 0	 0	 5	 0	 0	 5	 0	 0	 5	 0	 5	 0	 5	 0	 5	 0	 5	 0	 0	 5	 0	 0	 0	 0	 0	 0	 0	 0	 5	 0	 0	 0	 0	 5	 0	 0	 5	 0	 0	 0	 0	 0	 0	 0	 5	 0	 0	 5	 0	 0	 0	 5	 0	 0	 0	 5	 0	 0	 5	 0	 5	 0	 0	 5	 0	 0	 5	 0	 0	 0	 5	 0	 5	 0	 0	 0	 5	 5	 5	 0	 0	 5	 0	 0	 0	 0	 7	 0	 0	 0	 0	 0	 0	 0	 0	 7	 0	 7	 0	 0	 0	 0	 7	 0	 7	 0	 0	 0	 0	 5	 0	 0	 5	 5	 0	 7	 0	 0	 5	 0	 5	 7	 5	 5	 0	 5	 0	 0	 0	 5	 5	 0	 0	 0	 7	 0	 0	 0	 0	 7	 0	 7	 0	 0	 0	 0	 0	 0	 7	 0	 7	 0	 0	 7	 0	 0	 7	 0	 0	 7	 0	 0	 7	 0	 7	 0	 0	 0	 0	 5	 0	 0	 0	 0	 0	 0	 0	 5	 0	 0	 0	 5	 5	 0	 0	 0	 0	 0	 0	 0	 7	 0	 0	 0	 5	 0	 0	 0	 5	 5	 0	 0	 0	 0	 0	 0	 0	 7	 0	 0	 5	 0	 5	 0	 0	 0	 5	 5	 5	 0	 0	 5	 0	 0	 0	 0	 7	 0	 0	 0	 0	 0	 0	 0	 0	 7	 0	 7	 0	 0	 0	 0	 7	 0	 7	 0	 0	 0	 0	 0	 5	 5	 5	 5	 0	 0	 0	 0	 0	 0	 0	 0	 0	 0	 5	 5	 5	 5	 5	 5	 0	 0	 0	 0	 0	 0	 0	 0	 0	 0	 0	 7	 0	 0	 0	 5	 0	 0	 0	 0	 0	 0	 5	 5	 5	 5	 5	 5	 5	 7	 5	 5	 5	 5	 5	 7	 5	 5	 5	 0	 5	 5	 0	 0	 0	 0	 7	 0	 7	 0	 0	 0	 0	 7	 0	 7	 0	 0	 0	 0	 0	 0	 0	 0	 0	 7	 0	 0	 0	 0	 0	 0	 0	 0	 0	 7	 0	 0	 0	 7	 7	 0	 0	 0	 0	 0	 7	 0	 5	 5	 5	 5	 7	 5	 5	 5	 5	 5	 7	 5	 5	 5	 5	 5	 7	 5	 5	 5	 5	 0	 0	 0	 0	 7	 0	 7	 0	 0	 0	 0	 7	 0	 7	 0	 0	 0	 7	 0	 0	 0	 0	 7	 0	 7	 0	 0	 0	 7	 0	 0	 0	 0	 0	 7	 0	 7	 7	 0	 0	 0	 7	 0	 0	 0	 7	 7	 0	 7	 7	 0	 7	 0	 0	 7	 7	 0	 0	 0	 0	 0	 0	 0	 7	 7	 0	 0	 0	 0	 0	 7	 7	 0	 0	 0	 0	 0	 0	 0	 0	 7	 7	 7	 7	 0	 0	 0	 0	 0	 0	 0	 7	 0	 0	 0	 7	 7	 0	 0	 7	 0	 0	 0	 0	 7	 7	 7	 7	 7	 7	 7	 0	 0	 0	 0	 7	 7	 7	 7	 7	 7	 7	 0	 0	 0	 0	 0	 0	 0	 0	 0	 0	 0	 0	 
0	 0	 3	 0	 0	 0	 0	 3	 0	 3	 0	 3	 0	 0	 0	 0	 0	 0	 0	 0	 0	 3	 0	 0	 0	 0	 0	 0	 3	 0	 0	 0	 0	 3	 3	 3	 3	 0	 0	 0	 0	 3	 0	 0	 0	 0	 3	 0	 3	 0	 3	 0	 3	 0	 0	 0	 3	 0	 3	 0	 3	 0	 0	 0	 0	 0	 0	 0	 0	 0	 0	 0	 0	 0	 0	 0	 0	 0	 0	 0	 0	 0	 0	 0	 0	 0	 0	 0	 0	 0	 0	 0	 0	 0	 0	 0	 0	 0	 0	 0	 0	 0	 0	 0	 0	 3	 3	 0	 0	 0	 0	 0	 0	 0	 0	 0	 0	 0	 0	 0	 3	 3	 0	 0	 0	 0	 0	 0	 0	 0	 0	 0	 3	 3	 3	 3	 3	 3	 3	 3	 3	 3	 0	 0	 0	 0	 0	 0	 0	 0	 0	 0	 0	 0	 0	 0	 0	 0	 0	 0	 3	 0	 0	 0	 0	 0	 0	 0	 0	 0	 0	 0	 3	 0	 0	 0	 3	 0	 3	 0	 0	 0	 0	 0	 0	 0	 0	 0	 0	 0	 0	 0	 0	 0	 0	 3	 0	 0	 0	 0	 0	 0	 0	 0	 0	 0	 3	 3	 3	 3	 3	 3	 3	 3	 3	 3	 0	 0	 0	 0	 0	 0	 0	 0	 0	 0	 0	 0	 0	 0	 0	 0	 0	 3	 3	 3	 3	 3	 3	 3	 3	 3	 3	 3	 3	 3	 3	 3	 3	 0	 0	 0	 0	 0	 0	 0	 0	 0	 0	 0	 0	 0	 0	 0	 0	 0	 0	 0	 0	 0	 0	 0	 0	 0	 0	 0	 0	 0	 0	 0	 0	 0	 0	 0	 0	 0	 0	 0	 0	 0	 0	 0	 0	 0	 0	 0	 0	 0	 0	 0	 0	 0	 0	 0	 0	 0	 0	 0	 0	 0	 0	 0	 0	 3	 3	 3	 3	 3	 3	 3	 3	 3	 3	 3	 3	 3	 3	 3	 3	 3	 3	 3	 3	 3	 3	 3	 3	 3	 0	 0	 0	 0	 0	 0	 0	 0	 0	 0	 0	 0	 0	 0	 0	 0	 0	 0	 0	 0	 0	 0	 0	 0	 0	 0	 0	 0	 0	 0	 0	 0	 0	 0	 0	 0	 0	 0	 0	 0	 0	 0	 0	 0	 0	 0	 0	 0	 0	 0	 0	 0	 0	 0	 0	 0	 0	 0	 0	 0	 0	 0	 0	 0	 0	 0	 0	 0	 0	 0	 0	 0	 0	 0	 0	 0	 0	 0	 0	 0	 0	 0	 0	 0	 0	 0	 0	 0	 0	 0	 0	 0	 0	 0	 0	 0	 0	 0	 0	 0	 0	 0	 0	 0	 0	 0	 0	 0	 0	 0	 0	 0	 0	 0	 0	 0	 0	 0	 0	 0	 0	 0	 0	 0	 0	 0	 0	 0	 0	 0	 0	 0	 0	 0	 0	 0	 0	 0	 0	 0	 0	 0	 0	 0	 0	 0	 0	 0	 0	 0	 0	 0	 0	 0	 0	 0	 0	 0	 0	 0	 0	 0	 0	 0	 0	 0	 0	 0	 0	 0	 0	 0	 0	 0	 0	 0	 6	 0	 0	 0	 6	 0	 0	 0	 0	 0	 0	 0	 0	 0	 0	 6	 0	 0	 0	 0	 6	 0	 0	 0	 0	 0	 0	 6	 0	 0	 0	 6	 6	 0	 0	 0	 0	 6	 0	 6	 0	 0	 6	 6	 0	 0	 0	 0	 6	 6	 0	 0	 0	 6	 0	 0	 6	 0	 0	 6	 0	 0	 0	 0	 6	 0	 0	 0	 6	 6	 0	 0	 0	 6	 0	 0	 0	 6	 6	 0	 0	 0	 6	 0	 0	 0	 6	 6	 0	 0	 0	 6	 6	 0	 0	 0	 0	 0	 0	 0	 6	 0	 0	 0	 0	 6	 0	 0	 6	 0	 0	 0	 0	 0	 0	 0	 0	 6	 6	 0	 0	 0	 6	 0	 0	 6	 0	 0	 0	 0	 0	 0	 0	 0	 6	 6	 0	 0	 0	 0	 6	 0	 0	 0	 6	 0	 0	 0	 0	 0	 0	 0	 0	 0	 0	 6	 0	 0	 0	 0	 6	 0	 0	 0	 0	 0	 0	 6	 0	 0	 0	 6	 6	 0	 0	 0	 0	 0	 0	 0	 0	 0	 0	 0	 0	 0	 6	 6	 0	 0	 0	 0	 0	 0	 6	 0	 0	 0	 0	 0	 0	 0	 0	 0	 0	 6	 6	 6	 6	 6	 0	 0	 0	 0	 0	 0	 6	 0	 0	 0	 0	 0	 0	 0	 0	 0	 0	 0	 0	 6	 6	 6	 6	 6	 0	 0	 6	 0	 6	 0	 0	 6	 0	 0	 0	 0	 0	 0	 6	 0	 0	 0	 6	 6	 0	 0	 0	 0	 0	 6	 6	 0	 0	 0	 0	 0	 0	 0	 0	 6	 6	 6	 6	 6	 0	 0	 0	 0	 0	 0	 0	 6	 0	 0	 0	 0	 0	 6	 0	 0	 0	 0	 0	 0	 0	 0	 0	 0	 6	 6	 6	 6	 6	 0	 0	 0	 0	 0	 6	 0	 0	 0	 0	 0	 0	 6	 0	 0	 0	 6	 6	 0	 0	 0	 0	 0	 6	 0	 0	 0	 6	 6	 0	 0	 0	 0	 0	 6	 6	 0	 0	 0	 0	 6	 6	 0	 0	 0	 0	 6	 6	 6	 6	 6	 0	 6	 0	 0	 0	 0	 8	 0	 0	 8	 0	 8	 0	 0	 0	 0	 0	 8	 0	 0	 0	 0	 8	 0	 0	 8	 0	 8	 0	 0	 0	 6	 8	 6	 6	 6	 6	 8	 8	 8	 6	 6	 6	 6	 8	 6	 0	 8	 0	 0	 0	 0	 8	 0	 0	 0	 0	 8	 8	 8	 0	 0	 0	 8	 0	 0	 0	 0	 8	 8	 8	 0	 0	 0	 8	 0	 0	 0	 8	 8	 8	 0	 0	 0	 8	 0	 
0	 0	 0	 0	 0	 0	 0	 0	 0	 0	 0	 0	 4	 0	 0	 0	 0	 0	 0	 0	 0	 0	 0	 0	 0	 0	 0	 0	 0	 0	 4	 0	 0	 0	 4	 0	 0	 0	 0	 0	 0	 0	 0	 0	 0	 0	 0	 0	 0	 0	 0	 0	 0	 0	 0	 0	 0	 0	 0	 0	 0	 0	 0	 0	 0	 0	 0	 0	 4	 0	 0	 0	 0	 0	 0	 0	 4	 0	 0	 0	 0	 0	 4	 0	 0	 0	 0	 0	 0	 0	 0	 4	 4	 0	 4	 0	 0	 0	 0	 0	 0	 0	 0	 0	 0	 0	 0	 0	 0	 0	 0	 0	 0	 0	 0	 4	 0	 0	 0	 0	 0	 0	 0	 0	 0	 0	 0	 0	 4	 0	 0	 0	 0	 0	 0	 0	 0	 0	 4	 0	 0	 0	 0	 0	 0	 0	 0	 0	 0	 0	 0	 0	 0	 4	 4	 0	 0	 0	 0	 0	 0	 0	 0	 0	 0	 0	 0	 4	 0	 0	 0	 0	 0	 0	 0	 0	 0	 0	 0	 0	 0	 0	 0	 0	 0	 0	 0	 0	 0	 0	 0	 0	 0	 0	 0	 0	 0	 0	 0	 0	 0	 0	 4	 0	 0	 0	 0	 0	 0	 0	 0	 0	 4	 0	 0	 0	 0	 0	 0	 0	 0	 0	 0	 0	 0	 0	 0	 0	 4	 4	 0	 0	 0	 0	 0	 0	 0	 0	 0	 0	 0	 0	 0	 0	 4	 4	 0	 0	 0	 4	 0	 0	 0	 0	 0	 4	 0	 0	 0	 0	 0	 0	 4	 0	 4	 0	 0	 0	 0	 0	 0	 0	 4	 4	 0	 4	 0	 0	 0	 0	 0	 0	 0	 0	 0	 0	 4	 0	 0	 0	 0	 0	 0	 0	 0	 0	 0	 0	 0	 0	 0	 0	 4	 4	 0	 0	 0	 0	 0	 0	 0	 0	 0	 0	 0	 0	 0	 0	 0	 0	 0	 0	 4	 4	 0	 0	 0	 0	 0	 0	 0	 0	 0	 0	 0	 0	 0	 0	 4	 0	 0	 0	 0	 0	 0	 4	 0	 0	 0	 0	 0	 0	 0	 0	 0	 0	 0	 4	 0	 4	 0	 0	 0	 0	 0	 0	 0	 0	 0	 0	 0	 0	 0	 0	 0	 4	 4	 0	 4	 0	 0	 0	 0	 0	 0	 0	 0	 0	 0	 0	 0	 0	 0	 0	 0	 0	 0	 0	 0	 4	 0	 4	 0	 0	 0	 0	 0	 0	 0	 0	 0	 0	 0	 0	 0	 0	 4	 4	 0	 4	 0	 0	 0	 0	 0	 0	 0	 0	 0	 0	 0	 0	 0	 0	 0	 0	 0	 4	 4	 0	 4	 0	 0	 0	 0	 0	 0	 0	 0	 0	 0	 0	 0	 0	 0	 0	 0	 0	 0	 0	 0	 0	 0	 0	 4	 4	 4	 4	 4	 4	 4	 4	 4	 4	 4	 4	 4	 4	 4	 4	 0	 0	 0	 0	 0	 0	 0	 0	 0	 0	 0	 0	 0	 0	 0	 0	 0	 0	 0	 0	 0	 0	 0	 0	 0	 0	 0	 0	 0	 0	 0	 0	 0	 0	 0	 0	 0	 0	 0	 0	 0	 0	 0	 0	 0	 0	 0	 0	 0	 0	 0	 0	 0	 0	 0	 0	 0	 0	 0	 0	 0	 0	 0	 0	 0	 0	 0	 0	 0	 0	 0	 0	 0	 0	 0	 0	 0	 0	 0	 0	 0	 0	 0	 0	 0	 0	 0	 0	 0	 0	 0	 0	 0	 0	 0	 0	 0	 0	 0	 0	 0	 0	 0	 0	 0	 0	 0	 0	 0	 0	 0	 0	 0	 0	 0	 0	 0	 0	 0	 0	 0	 0	 0	 0	 0	 0	 0	 0	 0	 4	 4	 4	 4	 4	 4	 4	 4	 4	 4	 4	 4	 4	 4	 4	 4	 4	 4	 4	 4	 4	 4	 4	 4	 4	 0	 0	 0	 0	 0	 0	 0	 0	 0	 0	 0	 0	 0	 0	 0	 0	 0	 0	 0	 0	 0	 0	 0	 0	 0	 0	 0	 0	 0	 0	 0	 0	 0	 0	 0	 0	 0	 0	 0	 0	 0	 0	 0	 0	 0	 0	 0	 0	 0	 0	 0	 0	 0	 0	 0	 0	 0	 0	 0	 0	 0	 0	 0	 0	 0	 0	 0	 0	 0	 0	 0	 0	 0	 0	 0	 0	 0	 0	 0	 0	 0	 0	 0	 0	 0	 0	 0	 0	 0	 0	 0	 0	 0	 0	 0	 0	 0	 0	 0	 0	 0	 0	 0	 0	 0	 0	 0	 0	 0	 0	 0	 0	 0	 0	 0	 0	 0	 0	 0	 0	 0	 0	 0	 0	 0	 0	 0	 0	 0	 0	 0	 0	 0	 0	 0	 0	 0	 0	 0	 0	 0	 0	 0	 0	 0	 0	 0	 0	 0	 0	 0	 0	 0	 0	 0	 0	 0	 0	 0	 0	 0	 0	 0	 0	 0	 0	 0	 0	 0	 0	 0	 0	 0	 0	 0	 0	 0	 0	 0	 0	 0	 0	 0	 0	 0	 0	 0	 0	 0	 0	 0	 0	 0	 0	 0	 0	 0	 0	 0	 0	 0	 0	 0	 0	 0	 0	 0	 0	 0	 0	 0	 0	 0	 0	 0	 0	 0	 0	 0	 0	 0	 0	 0	 0	 0	 0	 0	 0	 0	 0	 0	 0	 0	 0	 0	 0	 0	 0	 0	 0	 0	 0	 0	 0	 0	 0	 0	 0	 0	 0	 0	 0	 0	 0	 0	 0	 0	 0	 0	 0	 0	 0	 0	 0	 0	 0	 0	 0	 0	 0	 0	 0	 0	 0	 0	 0	 0	 0	 0	 0	 0	 0	 0	 0	 0	 0	 0	 0	 0	 0	 0	 0	 0	 0	 0	 0	 0	 0	 0	 0	 0	 0	 0	 0	 0	 0	 0	 0	 0	 0	 0	 0	 0	 0	 0	 0	 0	 0	 0	 0	 
0	 0	 0	 0	 0	 0	 0	 0	 0	 0	 0	 0	 0	 4	 0	 0	 0	 0	 0	 0	 0	 0	 0	 0	 0	 0	 0	 0	 0	 0	 0	 4	 0	 0	 0	 4	 0	 0	 0	 0	 0	 0	 0	 0	 0	 0	 0	 0	 0	 0	 0	 0	 0	 0	 0	 0	 0	 0	 0	 0	 0	 0	 0	 4	 0	 0	 0	 0	 0	 4	 0	 4	 0	 0	 0	 0	 0	 4	 0	 0	 0	 0	 0	 4	 4	 0	 0	 0	 0	 0	 0	 4	 0	 4	 0	 4	 0	 0	 0	 0	 0	 0	 0	 0	 0	 0	 0	 0	 0	 0	 0	 0	 0	 0	 0	 0	 4	 0	 0	 0	 0	 0	 0	 0	 0	 0	 0	 0	 0	 4	 0	 0	 0	 0	 0	 0	 0	 0	 0	 4	 0	 0	 0	 0	 0	 0	 0	 0	 0	 0	 0	 0	 0	 4	 0	 4	 0	 0	 0	 0	 0	 0	 0	 0	 0	 0	 0	 0	 4	 0	 0	 0	 0	 0	 0	 0	 0	 0	 0	 0	 0	 0	 0	 0	 0	 0	 0	 0	 0	 0	 0	 0	 0	 0	 0	 0	 0	 0	 0	 0	 0	 0	 0	 4	 0	 0	 0	 0	 0	 0	 0	 0	 0	 4	 0	 0	 0	 0	 0	 0	 0	 0	 0	 0	 0	 0	 0	 0	 4	 0	 4	 0	 0	 0	 0	 0	 0	 0	 0	 0	 0	 0	 0	 0	 4	 0	 4	 0	 0	 0	 4	 0	 0	 0	 0	 0	 4	 0	 0	 0	 0	 0	 0	 4	 0	 4	 0	 0	 0	 0	 0	 0	 4	 0	 4	 0	 4	 0	 0	 0	 0	 0	 0	 0	 0	 0	 0	 4	 0	 0	 0	 0	 0	 0	 0	 0	 0	 0	 0	 0	 0	 0	 4	 0	 4	 0	 0	 0	 0	 0	 0	 0	 0	 0	 0	 0	 0	 0	 0	 0	 0	 0	 4	 0	 4	 0	 0	 0	 0	 0	 0	 0	 0	 0	 0	 0	 0	 0	 0	 4	 0	 0	 0	 0	 0	 0	 4	 0	 0	 0	 0	 0	 0	 0	 0	 0	 0	 0	 4	 0	 4	 0	 0	 0	 0	 0	 0	 0	 0	 0	 0	 0	 0	 0	 0	 4	 0	 4	 0	 4	 0	 0	 0	 0	 0	 0	 0	 0	 0	 0	 0	 0	 0	 0	 0	 0	 0	 0	 0	 0	 4	 0	 4	 0	 0	 0	 0	 0	 0	 0	 0	 0	 0	 0	 0	 0	 4	 0	 4	 0	 4	 0	 0	 0	 0	 0	 0	 0	 0	 0	 0	 0	 0	 0	 0	 0	 0	 4	 0	 4	 0	 4	 0	 0	 0	 0	 0	 0	 0	 0	 0	 0	 0	 0	 0	 0	 0	 0	 0	 0	 0	 0	 0	 0	 0	 0	 0	 4	 4	 4	 4	 4	 0	 0	 0	 0	 0	 0	 0	 0	 4	 4	 4	 4	 4	 4	 4	 4	 4	 4	 4	 0	 0	 0	 0	 0	 0	 0	 0	 0	 0	 0	 0	 0	 0	 0	 0	 0	 0	 0	 0	 0	 0	 0	 0	 0	 0	 0	 0	 0	 0	 0	 0	 0	 0	 0	 0	 0	 0	 0	 0	 0	 0	 0	 0	 0	 0	 0	 0	 0	 0	 0	 0	 0	 0	 0	 0	 0	 0	 0	 0	 0	 0	 0	 0	 0	 0	 0	 0	 0	 0	 0	 0	 0	 0	 0	 0	 0	 0	 0	 0	 0	 0	 0	 0	 0	 0	 0	 0	 0	 0	 0	 0	 0	 0	 0	 0	 0	 0	 0	 0	 0	 0	 0	 0	 0	 0	 0	 0	 0	 0	 0	 0	 0	 0	 0	 0	 0	 0	 4	 4	 4	 4	 4	 4	 4	 4	 0	 0	 0	 0	 0	 0	 0	 0	 0	 0	 0	 0	 0	 0	 0	 0	 0	 4	 4	 4	 4	 4	 4	 4	 4	 4	 4	 4	 4	 4	 4	 4	 4	 4	 0	 0	 0	 0	 0	 0	 0	 0	 0	 0	 0	 0	 0	 0	 0	 0	 0	 0	 0	 0	 0	 0	 0	 0	 0	 0	 0	 0	 0	 0	 0	 0	 0	 0	 0	 0	 0	 0	 0	 0	 0	 0	 0	 0	 0	 0	 0	 0	 0	 0	 0	 0	 0	 0	 0	 0	 0	 0	 0	 0	 0	 0	 0	 0	 0	 0	 0	 0	 0	 0	 0	 0	 0	 0	 0	 0	 0	 0	 0	 0	 0	 0	 0	 0	 0	 0	 0	 0	 0	 0	 0	 0	 0	 0	 0	 0	 0	 0	 0	 0	 0	 0	 0	 0	 0	 0	 0	 0	 0	 0	 0	 0	 0	 0	 0	 0	 0	 0	 0	 0	 0	 0	 0	 0	 0	 0	 0	 0	 0	 0	 0	 0	 0	 0	 0	 0	 0	 0	 0	 8	 0	 0	 0	 0	 0	 0	 0	 0	 0	 0	 0	 0	 0	 0	 0	 0	 0	 0	 0	 0	 0	 0	 0	 0	 0	 0	 0	 0	 0	 0	 0	 0	 0	 0	 0	 0	 0	 0	 0	 0	 0	 0	 0	 0	 0	 0	 0	 0	 0	 0	 0	 0	 0	 0	 0	 0	 0	 0	 0	 0	 0	 0	 0	 0	 0	 0	 0	 0	 0	 0	 0	 0	 0	 0	 8	 0	 0	 0	 0	 0	 0	 0	 0	 0	 0	 0	 0	 8	 0	 8	 0	 0	 0	 0	 0	 8	 0	 0	 0	 0	 0	 0	 0	 8	 0	 8	 0	 0	 0	 0	 8	 0	 0	 0	 8	 0	 0	 8	 0	 0	 0	 0	 0	 0	 0	 0	 0	 0	 0	 0	 8	 0	 0	 0	 8	 0	 0	 8	 0	 0	 0	 8	 0	 0	 0	 8	 0	 0	 8	 0	 0	 0	 8	 0	 0	 8	 0	 0	 8	 8	 0	 0	 8	 
0	 0	 0	 0	 0	 2	 0	 0	 0	 0	 0	 0	 0	 0	 0	 0	 2	 0	 2	 0	 0	 0	 0	 0	 0	 0	 2	 0	 0	 0	 0	 0	 0	 0	 0	 0	 0	 0	 0	 2	 0	 0	 0	 0	 2	 2	 2	 2	 2	 2	 2	 2	 2	 2	 2	 0	 0	 0	 0	 0	 0	 0	 0	 0	 0	 0	 0	 0	 0	 0	 0	 0	 0	 0	 0	 0	 0	 0	 0	 0	 0	 0	 0	 0	 0	 0	 0	 0	 0	 0	 0	 0	 0	 0	 0	 0	 0	 0	 0	 0	 0	 0	 0	 0	 0	 0	 0	 0	 0	 0	 0	 0	 0	 0	 0	 0	 0	 0	 0	 0	 0	 0	 0	 0	 0	 0	 0	 0	 0	 0	 0	 0	 0	 0	 0	 0	 0	 0	 0	 0	 0	 0	 0	 0	 0	 0	 0	 0	 0	 0	 0	 0	 0	 0	 0	 0	 0	 0	 0	 0	 0	 0	 0	 0	 0	 0	 0	 0	 0	 0	 0	 2	 2	 2	 2	 2	 2	 2	 2	 2	 2	 2	 2	 2	 2	 2	 2	 2	 2	 2	 2	 2	 2	 0	 0	 0	 0	 0	 0	 0	 0	 0	 0	 0	 0	 0	 0	 0	 0	 0	 0	 0	 0	 0	 0	 0	 0	 0	 0	 0	 0	 0	 0	 0	 0	 0	 0	 0	 0	 0	 0	 0	 0	 0	 0	 0	 0	 0	 0	 0	 0	 0	 0	 0	 0	 0	 0	 0	 0	 0	 0	 0	 0	 0	 0	 0	 0	 0	 0	 0	 0	 0	 0	 0	 0	 0	 0	 0	 0	 0	 0	 0	 0	 0	 0	 0	 0	 0	 0	 0	 0	 0	 0	 0	 0	 0	 0	 0	 0	 0	 0	 0	 0	 0	 0	 0	 0	 0	 0	 0	 0	 0	 0	 0	 0	 0	 0	 0	 6	 0	 0	 0	 0	 0	 0	 0	 0	 0	 0	 0	 0	 0	 0	 0	 0	 0	 6	 0	 0	 0	 6	 0	 0	 0	 6	 0	 0	 0	 0	 0	 0	 0	 0	 0	 0	 0	 0	 0	 0	 0	 0	 0	 0	 0	 6	 0	 0	 0	 0	 0	 0	 0	 0	 0	 0	 0	 0	 0	 0	 0	 0	 0	 6	 0	 0	 0	 0	 0	 0	 0	 0	 0	 0	 0	 6	 0	 0	 0	 0	 0	 0	 0	 0	 0	 0	 0	 6	 0	 0	 0	 0	 0	 0	 0	 0	 0	 0	 0	 0	 0	 0	 0	 0	 6	 0	 0	 0	 0	 0	 0	 0	 0	 0	 0	 0	 0	 0	 0	 0	 0	 0	 0	 0	 0	 6	 0	 0	 0	 0	 0	 0	 0	 0	 0	 0	 0	 0	 0	 0	 0	 0	 0	 0	 0	 0	 0	 0	 0	 0	 0	 0	 6	 0	 0	 0	 0	 0	 0	 0	 0	 0	 0	 0	 0	 0	 0	 0	 0	 0	 0	 0	 0	 0	 0	 0	 0	 0	 0	 0	 0	 0	 0	 0	 6	 0	 0	 0	 6	 0	 0	 0	 0	 0	 0	 0	 0	 0	 0	 6	 0	 0	 0	 0	 0	 0	 0	 0	 0	 0	 0	 0	 0	 0	 6	 0	 0	 6	 0	 0	 0	 6	 0	 6	 0	 0	 6	 0	 0	 0	 0	 0	 0	 6	 0	 0	 0	 0	 6	 0	 0	 0	 0	 0	 0	 0	 0	 0	 0	 0	 0	 0	 0	 0	 0	 0	 0	 0	 0	 0	 0	 0	 0	 0	 0	 6	 0	 0	 0	 0	 6	 0	 0	 0	 0	 6	 0	 0	 0	 6	 0	 0	 0	 0	 6	 0	 0	 0	 0	 0	 0	 0	 0	 6	 0	 0	 0	 0	 6	 0	 0	 0	 0	 0	 0	 0	 6	 0	 0	 0	 0	 0	 0	 0	 0	 0	 0	 0	 0	 0	 0	 0	 0	 0	 0	 0	 0	 0	 0	 0	 0	 0	 0	 0	 0	 0	 0	 0	 0	 0	 0	 0	 0	 0	 0	 0	 0	 0	 0	 0	 0	 0	 0	 0	 6	 0	 0	 6	 0	 0	 0	 6	 0	 6	 0	 0	 6	 0	 0	 0	 0	 0	 0	 6	 0	 0	 0	 0	 6	 0	 6	 0	 0	 0	 6	 0	 0	 0	 0	 0	 0	 6	 0	 6	 0	 0	 0	 0	 0	 0	 6	 0	 0	 0	 0	 0	 0	 6	 0	 0	 0	 0	 6	 0	 0	 6	 0	 0	 0	 0	 0	 0	 6	 0	 0	 0	 0	 0	 0	 0	 6	 0	 0	 0	 0	 0	 6	 0	 0	 6	 0	 0	 0	 0	 6	 0	 0	 6	 0	 0	 0	 0	 0	 0	 6	 0	 0	 0	 0	 6	 0	 0	 0	 0	 6	 0	 6	 0	 0	 0	 0	 6	 0	 0	 0	 0	 6	 0	 0	 6	 0	 0	 0	 0	 0	 0	 0	 6	 0	 0	 0	 0	 0	 6	 0	 0	 0	 0	 0	 6	 0	 0	 0	 0	 0	 6	 0	 0	 6	 0	 0	 6	 0	 0	 6	 0	 0	 0	 0	 0	 0	 6	 0	 0	 0	 0	 6	 0	 0	 0	 0	 0	 6	 0	 0	 0	 0	 6	 0	 0	 0	 0	 6	 0	 6	 0	 0	 0	 0	 0	 6	 0	 0	 0	 6	 0	 0	 0	 0	 6	 6	 6	 6	 6	 0	 0	 0	 0	 0	 0	 0	 0	 0	 0	 0	 0	 0	 0	 0	 0	 0	 0	 0	 0	 0	 0	 0	 0	 0	 0	 0	 0	 0	 0	 0	 0	 0	 0	 0	 0	 0	 0	 6	 6	 6	 6	 6	 6	 6	 6	 0	 0	 0	 0	 0	 0	 0	 0	 0	 0	 0	 0	 0	 0	 0	 0	 0	 0	 0	 0	 0	 0	 0	 0	 0	 0	 0	 0	 0	 0	 0	 0	 0	 0	 0	 
0	 0	 0	 0	 0	 0	 0	 0	 0	 0	 3	 3	 3	 3	 3	 0	 0	 0	 0	 3	 0	 0	 3	 0	 3	 0	 0	 0	 0	 3	 0	 0	 0	 3	 0	 0	 0	 3	 0	 0	 0	 0	 3	 0	 3	 0	 0	 0	 0	 0	 0	 0	 0	 3	 0	 0	 0	 0	 0	 3	 3	 3	 3	 3	 4	 3	 3	 3	 3	 3	 3	 0	 4	 0	 0	 0	 0	 0	 4	 0	 0	 0	 0	 0	 4	 4	 4	 4	 0	 0	 0	 0	 0	 0	 4	 4	 4	 4	 4	 0	 3	 0	 0	 4	 0	 0	 0	 3	 3	 3	 0	 4	 0	 4	 0	 0	 0	 4	 0	 0	 0	 0	 3	 3	 0	 0	 4	 0	 0	 0	 4	 0	 3	 3	 0	 0	 4	 0	 0	 0	 4	 0	 3	 3	 4	 3	 3	 4	 0	 4	 0	 4	 0	 0	 0	 0	 4	 0	 0	 0	 0	 3	 3	 0	 0	 4	 0	 0	 0	 4	 0	 0	 0	 0	 0	 0	 0	 0	 0	 3	 4	 3	 4	 3	 3	 4	 0	 4	 0	 4	 0	 4	 0	 0	 0	 0	 3	 3	 0	 0	 4	 0	 0	 0	 4	 0	 3	 3	 0	 0	 4	 0	 0	 0	 4	 0	 3	 4	 3	 4	 3	 3	 4	 0	 4	 0	 4	 0	 0	 0	 0	 4	 0	 3	 3	 4	 3	 3	 4	 0	 4	 0	 4	 0	 0	 0	 0	 4	 0	 3	 3	 4	 3	 3	 3	 3	 3	 4	 4	 3	 3	 3	 3	 3	 4	 4	 4	 4	 4	 3	 3	 3	 3	 3	 3	 4	 4	 4	 4	 4	 3	 0	 0	 4	 5	 0	 0	 0	 4	 0	 0	 5	 0	 4	 5	 0	 4	 5	 0	 4	 5	 0	 0	 0	 0	 4	 0	 5	 0	 0	 0	 5	 0	 4	 5	 0	 4	 5	 0	 4	 5	 0	 0	 0	 0	 4	 0	 0	 0	 5	 0	 0	 0	 5	 0	 0	 5	 0	 3	 3	 4	 3	 3	 5	 3	 3	 3	 4	 5	 4	 3	 3	 3	 5	 5	 5	 3	 3	 3	 4	 4	 4	 4	 5	 4	 3	 3	 3	 3	 3	 5	 5	 5	 5	 3	 3	 3	 3	 4	 4	 4	 4	 4	 5	 5	 5	 4	 3	 3	 3	 3	 3	 3	 5	 5	 5	 5	 5	 3	 0	 0	 4	 4	 4	 4	 4	 0	 0	 0	 0	 0	 5	 5	 5	 5	 0	 0	 0	 0	 4	 4	 4	 4	 4	 4	 0	 0	 0	 0	 0	 0	 5	 5	 5	 5	 5	 0	 0	 0	 0	 4	 4	 4	 4	 4	 4	 4	 4	 0	 0	 0	 0	 0	 0	 0	 0	 5	 5	 5	 5	 5	 5	 5	 0	 5	 5	 5	 4	 0	 0	 5	 0	 4	 0	 0	 0	 0	 0	 5	 0	 5	 5	 5	 4	 0	 0	 0	 0	 0	 5	 0	 5	 5	 5	 5	 5	 5	 5	 5	 4	 4	 4	 4	 4	 4	 5	 5	 5	 5	 5	 4	 0	 0	 0	 0	 0	 0	 0	 0	 0	 5	 5	 5	 5	 5	 5	 5	 5	 5	 5	 5	 5	 0	 0	 0	 0	 0	 0	 0	 0	 0	 0	 0	 0	 0	 0	 0	 0	 0	 0	 0	 0	 0	 0	 0	 0	 0	 0	 0	 0	 0	 0	 0	 0	 0	 5	 5	 5	 5	 5	 5	 5	 5	 5	 5	 5	 5	 5	 5	 5	 5	 5	 5	 5	 5	 5	 0	 0	 0	 0	 0	 0	 0	 0	 0	 0	 0	 0	 0	 0	 0	 0	 0	 0	 0	 0	 0	 0	 0	 0	 0	 5	 0	 0	 0	 0	 0	 0	 0	 0	 0	 0	 0	 0	 5	 5	 5	 0	 0	 0	 0	 0	 0	 0	 0	 0	 0	 0	 0	 0	 0	 5	 5	 5	 0	 0	 0	 0	 0	 0	 0	 4	 4	 4	 4	 4	 4	 4	 4	 4	 5	 5	 5	 5	 5	 5	 5	 5	 5	 5	 5	 5	 4	 4	 4	 4	 4	 4	 4	 4	 4	 4	 4	 4	 4	 4	 4	 4	 4	 0	 0	 5	 0	 0	 0	 5	 5	 0	 0	 0	 0	 0	 0	 0	 0	 5	 0	 0	 0	 0	 0	 5	 5	 5	 0	 0	 0	 0	 0	 0	 0	 0	 0	 0	 0	 0	 0	 5	 0	 0	 0	 0	 0	 5	 5	 5	 0	 0	 0	 0	 0	 0	 0	 0	 0	 0	 0	 0	 0	 0	 5	 5	 5	 5	 5	 5	 5	 5	 5	 5	 5	 5	 5	 5	 5	 5	 5	 5	 5	 5	 0	 0	 0	 0	 0	 0	 0	 0	 0	 0	 0	 0	 0	 0	 0	 0	 0	 0	 0	 0	 0	 0	 0	 0	 0	 0	 0	 0	 0	 0	 0	 0	 0	 0	 0	 0	 0	 0	 0	 0	 0	 0	 0	 0	 0	 0	 0	 0	 0	 0	 5	 5	 5	 5	 5	 5	 5	 5	 5	 5	 5	 5	 5	 5	 5	 5	 5	 5	 5	 0	 0	 0	 0	 0	 0	 0	 0	 0	 0	 0	 0	 0	 0	 0	 0	 0	 0	 0	 0	 0	 0	 0	 0	 0	 0	 0	 0	 0	 0	 0	 0	 0	 0	 0	 0	 0	 0	 0	 0	 8	 8	 8	 0	 8	 0	 0	 0	 8	 0	 0	 0	 0	 0	 0	 0	 8	 8	 8	 0	 0	 0	 0	 8	 0	 0	 0	 8	 0	 0	 8	 0	 0	 0	 0	 0	 0	 0	 8	 0	 0	 0	 0	 8	 0	 0	 0	 8	 0	 0	 8	 0	 0	 0	 8	 0	 0	 0	 8	 0	 0	 8	 0	 0	 0	 8	 0	 0	 8	 0	 8	 0	 8	 0	 0	 
]

RouteBaseStart 	 : 	 [
1	 1	 1	 1	 1	 1	 1	 1	 1	 1	 1	 1	 1	 1	 1	 1	 1	 1	 1	 1	 1	 1	 1	 1	 1	 1	 1	 1	 1	 1	 1	 1	 1	 1	 1	 1	 1	 1	 1	 1	 1	 1	 1	 1	 1	 1	 1	 1	 1	 1	 1	 1	 1	 1	 1	 1	 1	 1	 1	 1	 1	 1	 1	 1	 1	 1	 1	 1	 1	 1	 1	 1	 1	 1	 1	 1	 1	 1	 1	 1	 1	 1	 1	 1	 1	 1	 1	 1	 1	 1	 1	 1	 1	 1	 1	 1	 1	 1	 1	 1	 1	 1	 1	 1	 1	 1	 1	 1	 1	 1	 1	 1	 1	 1	 1	 1	 1	 1	 1	 1	 1	 1	 1	 1	 1	 1	 1	 1	 1	 1	 1	 1	 1	 1	 1	 1	 1	 1	 1	 1	 1	 1	 1	 1	 1	 1	 1	 1	 1	 1	 1	 1	 1	 1	 1	 1	 1	 1	 1	 1	 1	 1	 1	 1	 1	 1	 1	 1	 1	 1	 1	 1	 1	 1	 1	 1	 1	 1	 1	 1	 1	 1	 1	 1	 1	 1	 1	 1	 1	 1	 1	 1	 1	 1	 1	 1	 1	 1	 1	 1	 1	 1	 1	 1	 1	 1	 1	 1	 1	 1	 1	 1	 1	 1	 1	 1	 1	 1	 1	 1	 1	 1	 1	 1	 1	 1	 1	 1	 1	 1	 1	 1	 1	 1	 1	 1	 1	 1	 1	 1	 1	 1	 1	 1	 1	 1	 1	 1	 1	 1	 1	 1	 1	 1	 1	 1	 1	 1	 1	 1	 1	 1	 1	 1	 1	 1	 1	 1	 1	 1	 1	 1	 1	 1	 1	 1	 1	 1	 1	 1	 1	 1	 1	 1	 1	 1	 1	 1	 1	 1	 1	 1	 1	 1	 1	 1	 1	 1	 1	 1	 1	 1	 1	 1	 1	 1	 1	 1	 1	 1	 1	 1	 1	 1	 1	 1	 1	 1	 1	 1	 1	 1	 1	 1	 1	 1	 1	 1	 1	 1	 1	 1	 1	 1	 1	 1	 1	 1	 1	 1	 1	 1	 1	 1	 1	 1	 1	 1	 1	 1	 1	 1	 1	 1	 1	 1	 1	 1	 1	 1	 1	 1	 1	 1	 1	 1	 1	 1	 1	 1	 1	 1	 1	 1	 1	 1	 1	 1	 1	 1	 1	 1	 1	 1	 1	 1	 1	 1	 1	 1	 1	 1	 1	 1	 1	 1	 1	 1	 1	 1	 1	 1	 1	 1	 1	 1	 1	 1	 1	 1	 1	 1	 1	 1	 1	 1	 1	 1	 1	 1	 1	 1	 1	 1	 1	 1	 1	 1	 1	 1	 1	 1	 1	 1	 1	 1	 1	 1	 1	 1	 1	 1	 1	 1	 1	 1	 1	 1	 1	 1	 1	 1	 1	 1	 1	 1	 1	 1	 1	 1	 1	 1	 1	 1	 1	 1	 1	 1	 1	 1	 1	 1	 1	 1	 1	 1	 1	 1	 1	 1	 1	 1	 1	 1	 1	 1	 1	 1	 1	 1	 1	 1	 1	 1	 1	 1	 1	 1	 1	 1	 1	 1	 1	 1	 1	 1	 1	 1	 1	 1	 1	 1	 1	 1	 1	 1	 1	 1	 1	 1	 1	 1	 1	 1	 1	 1	 1	 1	 1	 1	 1	 1	 1	 1	 1	 1	 1	 1	 1	 1	 1	 1	 1	 1	 1	 1	 1	 1	 1	 1	 1	 1	 1	 1	 1	 1	 1	 1	 1	 1	 1	 1	 1	 1	 1	 1	 1	 1	 1	 1	 1	 1	 1	 1	 1	 1	 1	 1	 1	 1	 1	 1	 1	 1	 1	 1	 1	 1	 1	 1	 1	 1	 1	 1	 1	 1	 1	 1	 1	 1	 1	 1	 1	 1	 1	 1	 1	 1	 1	 1	 1	 1	 1	 1	 1	 1	 1	 1	 1	 1	 1	 1	 1	 1	 1	 1	 1	 1	 1	 1	 1	 1	 1	 1	 1	 1	 1	 1	 1	 1	 1	 1	 1	 1	 1	 1	 1	 1	 1	 1	 1	 1	 1	 1	 1	 1	 1	 1	 1	 1	 1	 1	 1	 1	 1	 1	 1	 1	 1	 1	 1	 1	 1	 1	 1	 1	 1	 1	 1	 1	 1	 1	 1	 1	 1	 1	 1	 1	 1	 1	 1	 1	 1	 1	 1	 1	 1	 1	 1	 1	 1	 1	 1	 1	 1	 1	 1	 1	 1	 1	 1	 1	 1	 1	 1	 1	 1	 1	 1	 1	 1	 1	 1	 1	 1	 1	 1	 1	 1	 1	 1	 1	 1	 1	 1	 1	 1	 1	 1	 1	 1	 1	 1	 1	 1	 1	 1	 1	 1	 1	 1	 1	 1	 1	 1	 1	 1	 1	 1	 1	 1	 1	 1	 1	 1	 1	 1	 1	 1	 1	 1	 1	 1	 1	 1	 1	 1	 1	 1	 1	 1	 1	 1	 1	 1	 1	 1	 1	 1	 1	 1	 1	 1	 1	 1	 1	 1	 1	 1	 1	 1	 1	 1	 1	 1	 1	 1	 1	 1	 1	 1	 1	 1	 1	 1	 1	 1	 1	 1	 1	 1	 1	 1	 1	 1	 1	 1	 1	 1	 1	 1	 1	 1	 1	 1	 1	 1	 1	 1	 1	 1	 1	 1	 1	 1	 1	 1	 1	 1	 1	 1	 1	 1	 1	 1	 1	 1	 1	 1	 1	 1	 1	 1	 1	 1	 1	 1	 1	 1	 1	 1	 1	 1	 1	 1	 1	 1	 1	 1	 1	 1	 1	 1	 1	 1	 1	 1	 1	 1	 1	 1	 1	 1	 1	 1	 1	 1	 1	 1	 1	 1	 1	 1	 1	 1	 1	 1	 1	 1	 1	 1	 1	 1	 1	 1	 1	 1	 1	 1	 1	 1	 1	 1	 1	 1	 1	 1	 1	 1	 1	 1	 1	 1	 1	 1	 1	 1	 1	 1	 1	 1	 1	 1	 1	 1	 1	 1	 1	 1	 1	 1	 1	 1	 1	 
]

RouteBaseEnd	 : 	 [
1	 1	 1	 1	 1	 1	 1	 1	 1	 1	 1	 1	 1	 1	 1	 1	 1	 1	 1	 1	 1	 1	 1	 1	 1	 1	 1	 1	 1	 1	 1	 1	 1	 1	 1	 1	 1	 1	 1	 1	 1	 1	 1	 1	 1	 1	 1	 1	 1	 1	 1	 1	 1	 1	 1	 1	 1	 1	 1	 1	 1	 1	 1	 1	 1	 1	 1	 1	 1	 1	 1	 1	 1	 1	 1	 1	 1	 1	 1	 1	 1	 1	 1	 1	 1	 1	 1	 1	 1	 1	 1	 1	 1	 1	 1	 1	 1	 1	 1	 1	 1	 1	 1	 1	 1	 1	 1	 1	 1	 1	 1	 1	 1	 1	 1	 1	 1	 1	 1	 1	 1	 1	 1	 1	 1	 1	 1	 1	 1	 1	 1	 1	 1	 1	 1	 1	 1	 1	 1	 1	 1	 1	 1	 1	 1	 1	 1	 1	 1	 1	 1	 1	 1	 1	 1	 1	 1	 1	 1	 1	 1	 1	 1	 1	 1	 1	 1	 1	 1	 1	 1	 1	 1	 1	 1	 1	 1	 1	 1	 1	 1	 1	 1	 1	 1	 1	 1	 1	 1	 1	 1	 1	 1	 1	 1	 1	 1	 1	 1	 1	 1	 1	 1	 1	 1	 1	 1	 1	 1	 1	 1	 1	 1	 1	 1	 1	 1	 1	 1	 1	 1	 1	 1	 1	 1	 1	 1	 1	 1	 1	 1	 1	 1	 1	 1	 1	 1	 1	 1	 1	 1	 1	 1	 1	 1	 1	 1	 1	 1	 1	 1	 1	 1	 1	 1	 1	 1	 1	 1	 1	 1	 1	 1	 1	 1	 1	 1	 1	 1	 1	 1	 1	 1	 1	 1	 1	 1	 1	 1	 1	 1	 1	 1	 1	 1	 1	 1	 1	 1	 1	 1	 1	 1	 1	 1	 1	 1	 1	 1	 1	 1	 1	 1	 1	 1	 1	 1	 1	 1	 1	 1	 1	 1	 1	 1	 1	 1	 1	 1	 1	 1	 1	 1	 1	 1	 1	 1	 1	 1	 1	 1	 1	 1	 1	 1	 1	 1	 1	 1	 1	 1	 1	 1	 1	 1	 1	 1	 1	 1	 1	 1	 1	 1	 1	 1	 1	 1	 1	 1	 1	 1	 1	 1	 1	 1	 1	 1	 1	 1	 1	 1	 1	 1	 1	 1	 1	 1	 1	 1	 1	 1	 1	 1	 1	 1	 1	 1	 1	 1	 1	 1	 1	 1	 1	 1	 1	 1	 1	 1	 1	 1	 1	 1	 1	 1	 1	 1	 1	 1	 1	 1	 1	 1	 1	 1	 1	 1	 1	 1	 1	 1	 1	 1	 1	 1	 1	 1	 1	 1	 1	 1	 1	 1	 1	 1	 1	 1	 1	 1	 1	 1	 1	 1	 1	 1	 1	 1	 1	 1	 1	 1	 1	 1	 1	 1	 1	 1	 1	 1	 1	 1	 1	 1	 1	 1	 1	 1	 1	 1	 1	 1	 1	 1	 1	 1	 1	 1	 1	 1	 1	 1	 1	 1	 1	 1	 1	 1	 1	 1	 1	 1	 1	 1	 1	 1	 1	 1	 1	 1	 1	 1	 1	 1	 1	 1	 1	 1	 1	 1	 1	 1	 1	 1	 1	 1	 1	 1	 1	 1	 1	 1	 1	 1	 1	 1	 1	 1	 1	 1	 1	 1	 1	 1	 1	 1	 1	 1	 1	 1	 1	 1	 1	 1	 1	 1	 1	 1	 1	 1	 1	 1	 1	 1	 1	 1	 1	 1	 1	 1	 1	 1	 1	 1	 1	 1	 1	 1	 1	 1	 1	 1	 1	 1	 1	 1	 1	 1	 1	 1	 1	 1	 1	 1	 1	 1	 1	 1	 1	 1	 1	 1	 1	 1	 1	 1	 1	 1	 1	 1	 1	 1	 1	 1	 1	 1	 1	 1	 1	 1	 1	 1	 1	 1	 1	 1	 1	 1	 1	 1	 1	 1	 1	 1	 1	 1	 1	 1	 1	 1	 1	 1	 1	 1	 1	 1	 1	 1	 1	 1	 1	 1	 1	 1	 1	 1	 1	 1	 1	 1	 1	 1	 1	 1	 1	 1	 1	 1	 1	 1	 1	 1	 1	 1	 1	 1	 1	 1	 1	 1	 1	 1	 1	 1	 1	 1	 1	 1	 1	 1	 1	 1	 1	 1	 1	 1	 1	 1	 1	 1	 1	 1	 1	 1	 1	 1	 1	 1	 1	 1	 1	 1	 1	 1	 1	 1	 1	 1	 1	 1	 1	 1	 1	 1	 1	 1	 1	 1	 1	 1	 1	 1	 1	 1	 1	 1	 1	 1	 1	 1	 1	 1	 1	 1	 1	 1	 1	 1	 1	 1	 1	 1	 1	 1	 1	 1	 1	 1	 1	 1	 1	 1	 1	 1	 1	 1	 1	 1	 1	 1	 1	 1	 1	 1	 1	 1	 1	 1	 1	 1	 1	 1	 1	 1	 1	 1	 1	 1	 1	 1	 1	 1	 1	 1	 1	 1	 1	 1	 1	 1	 1	 1	 1	 1	 1	 1	 1	 1	 1	 1	 1	 1	 1	 1	 1	 1	 1	 1	 1	 1	 1	 1	 1	 1	 1	 1	 1	 1	 1	 1	 1	 1	 1	 1	 1	 1	 1	 1	 1	 1	 1	 1	 1	 1	 1	 1	 1	 1	 1	 1	 1	 1	 1	 1	 1	 1	 1	 1	 1	 1	 1	 1	 1	 1	 1	 1	 1	 1	 1	 1	 1	 1	 1	 1	 1	 1	 1	 1	 1	 1	 1	 1	 1	 1	 1	 1	 1	 1	 1	 1	 1	 1	 1	 1	 1	 1	 1	 1	 1	 1	 1	 1	 1	 1	 1	 1	 1	 1	 1	 1	 1	 1	 1	 1	 1	 1	 1	 1	 1	 1	 1	 1	 1	 1	 1	 1	 1	 1	 1	 1	 1	 1	 1	 1	 1	 1	 1	 1	 1	 1	 1	 1	 1	 1	 1	 1	 1	 1	 1	 1	 1	 1	 1	 1	 1	 1	 1	 1	 1	 1	 1	 1	 1	 1	 1	 
]

RouteStartDays 	 : 	 [
1	 1	 1	 1	 1	 1	 1	 1	 1	 1	 1	 1	 1	 1	 1	 1	 1	 1	 1	 1	 1	 1	 1	 1	 1	 1	 1	 1	 1	 1	 1	 1	 1	 1	 1	 1	 1	 1	 1	 1	 1	 1	 1	 1	 1	 1	 1	 1	 1	 1	 1	 1	 1	 1	 1	 2	 2	 2	 2	 2	 2	 2	 2	 2	 2	 2	 2	 2	 2	 2	 2	 2	 2	 2	 2	 2	 2	 2	 2	 2	 2	 2	 2	 2	 2	 2	 2	 2	 2	 2	 2	 2	 2	 2	 2	 2	 2	 2	 2	 2	 2	 2	 2	 2	 2	 2	 2	 2	 2	 2	 2	 2	 2	 2	 2	 2	 2	 2	 2	 2	 2	 2	 2	 2	 2	 2	 2	 2	 2	 2	 2	 2	 2	 2	 2	 2	 2	 2	 2	 2	 2	 2	 2	 2	 2	 2	 2	 2	 2	 2	 2	 2	 2	 2	 2	 2	 2	 2	 2	 2	 2	 2	 2	 2	 2	 2	 2	 2	 2	 2	 2	 2	 2	 2	 2	 2	 2	 2	 2	 2	 2	 2	 2	 2	 2	 2	 2	 2	 2	 2	 2	 2	 2	 2	 2	 2	 2	 2	 2	 2	 2	 2	 2	 2	 2	 2	 2	 2	 2	 2	 2	 2	 2	 2	 2	 2	 2	 2	 2	 2	 2	 2	 2	 2	 2	 2	 2	 2	 2	 2	 2	 2	 2	 2	 2	 2	 2	 2	 2	 2	 2	 2	 2	 2	 2	 2	 2	 2	 2	 2	 2	 2	 2	 2	 2	 2	 2	 2	 2	 2	 2	 2	 2	 2	 2	 2	 2	 2	 2	 2	 2	 2	 2	 2	 2	 2	 2	 2	 2	 2	 2	 3	 3	 3	 3	 3	 3	 3	 3	 3	 3	 3	 3	 3	 3	 3	 3	 3	 3	 3	 3	 3	 3	 3	 3	 3	 3	 3	 3	 3	 3	 3	 3	 3	 3	 3	 3	 3	 3	 3	 3	 3	 3	 3	 3	 3	 3	 3	 3	 3	 3	 3	 3	 3	 3	 3	 3	 3	 3	 3	 3	 3	 3	 3	 3	 3	 3	 3	 3	 3	 3	 3	 3	 3	 3	 3	 3	 3	 3	 3	 3	 3	 3	 3	 3	 3	 3	 3	 3	 3	 3	 3	 3	 3	 3	 3	 3	 3	 3	 3	 3	 3	 3	 3	 3	 3	 3	 3	 3	 3	 3	 3	 3	 3	 3	 3	 3	 3	 3	 3	 3	 3	 3	 3	 3	 3	 3	 3	 3	 3	 3	 3	 3	 3	 3	 3	 3	 3	 3	 3	 3	 3	 3	 3	 3	 3	 3	 3	 3	 3	 3	 3	 3	 3	 3	 3	 3	 3	 3	 3	 3	 3	 3	 3	 3	 3	 3	 3	 3	 3	 3	 3	 3	 3	 3	 3	 3	 3	 3	 3	 3	 3	 3	 3	 3	 3	 3	 3	 3	 3	 3	 3	 3	 3	 3	 3	 3	 3	 3	 3	 3	 3	 3	 3	 3	 3	 3	 3	 3	 3	 3	 3	 3	 3	 3	 3	 3	 3	 3	 3	 3	 3	 3	 3	 3	 3	 3	 3	 3	 3	 3	 4	 4	 4	 4	 4	 4	 4	 4	 4	 4	 4	 4	 4	 4	 4	 4	 4	 4	 4	 4	 4	 4	 4	 4	 4	 4	 4	 4	 4	 4	 4	 4	 4	 4	 4	 4	 4	 4	 4	 4	 4	 4	 4	 4	 4	 4	 4	 4	 4	 4	 4	 4	 4	 4	 4	 4	 4	 4	 4	 4	 4	 4	 4	 4	 4	 4	 4	 4	 4	 4	 4	 4	 4	 4	 4	 4	 4	 4	 4	 4	 4	 4	 4	 4	 4	 4	 4	 4	 4	 4	 4	 4	 4	 4	 4	 4	 4	 4	 4	 4	 4	 4	 4	 4	 4	 4	 4	 4	 4	 4	 4	 4	 4	 4	 4	 4	 4	 4	 4	 4	 4	 4	 4	 4	 4	 4	 4	 4	 4	 4	 4	 4	 4	 4	 4	 4	 4	 4	 4	 4	 4	 4	 4	 4	 4	 4	 4	 4	 4	 4	 4	 4	 4	 4	 4	 4	 4	 4	 4	 4	 4	 4	 4	 4	 4	 4	 4	 4	 4	 4	 4	 4	 4	 4	 4	 4	 4	 4	 4	 4	 4	 4	 4	 4	 4	 4	 4	 4	 4	 4	 4	 4	 4	 4	 4	 4	 4	 4	 4	 4	 4	 4	 4	 4	 4	 4	 4	 4	 4	 4	 4	 4	 4	 4	 4	 4	 4	 4	 4	 4	 4	 4	 4	 4	 4	 4	 4	 4	 4	 4	 4	 4	 4	 4	 4	 4	 4	 4	 4	 4	 4	 4	 4	 4	 4	 4	 4	 4	 4	 4	 4	 4	 4	 4	 4	 4	 4	 4	 4	 5	 5	 5	 5	 5	 5	 5	 5	 5	 5	 5	 5	 5	 5	 5	 5	 5	 5	 5	 5	 5	 5	 5	 5	 5	 5	 5	 5	 5	 5	 5	 5	 5	 5	 5	 5	 5	 5	 5	 5	 5	 5	 5	 5	 5	 5	 5	 5	 5	 5	 5	 5	 5	 5	 5	 5	 5	 5	 5	 5	 5	 5	 5	 5	 5	 5	 5	 5	 5	 5	 5	 5	 5	 5	 5	 5	 5	 5	 5	 5	 5	 5	 5	 5	 5	 5	 5	 5	 5	 5	 5	 5	 5	 5	 5	 5	 5	 5	 5	 5	 5	 5	 5	 6	 6	 6	 6	 6	 6	 6	 6	 6	 6	 6	 6	 6	 6	 6	 6	 6	 6	 6	 6	 6	 6	 6	 6	 6	 6	 6	 6	 6	 6	 6	 6	 6	 6	 6	 6	 6	 6	 6	 6	 6	 6	 6	 6	 6	 6	 6	 6	 6	 6	 6	 6	 6	 6	 6	 6	 6	 6	 7	 7	 7	 7	 7	 7	 7	 7	 7	 7	 7	 7	 7	 7	 7	 7	 7	 7	 7	 7	 7	 8	 8	 
]

RouteEndDays 	 : 	 [
3	 3	 4	 3	 3	 3	 4	 4	 3	 4	 4	 4	 4	 4	 4	 3	 3	 3	 3	 4	 3	 4	 4	 3	 4	 3	 3	 4	 4	 4	 4	 4	 3	 4	 4	 4	 4	 4	 2	 3	 3	 4	 4	 3	 4	 3	 4	 3	 4	 4	 4	 3	 4	 4	 2	 4	 4	 4	 4	 4	 4	 5	 5	 5	 5	 5	 5	 5	 4	 4	 4	 5	 5	 5	 5	 5	 5	 5	 5	 5	 5	 5	 5	 5	 5	 5	 5	 5	 5	 5	 5	 5	 4	 4	 5	 5	 5	 5	 5	 4	 4	 5	 5	 5	 4	 5	 4	 5	 5	 4	 5	 5	 5	 5	 5	 4	 4	 5	 4	 4	 5	 4	 5	 4	 5	 5	 5	 5	 4	 4	 5	 3	 5	 4	 5	 5	 5	 5	 4	 4	 5	 4	 5	 5	 5	 5	 4	 5	 5	 5	 5	 5	 5	 5	 4	 4	 5	 3	 5	 4	 4	 5	 4	 5	 5	 5	 5	 4	 4	 5	 4	 4	 4	 3	 4	 4	 4	 3	 4	 5	 5	 5	 5	 5	 4	 5	 5	 5	 5	 5	 5	 5	 3	 5	 4	 4	 5	 4	 5	 5	 5	 5	 4	 4	 5	 4	 5	 4	 5	 5	 5	 5	 4	 4	 5	 4	 5	 5	 5	 5	 5	 4	 5	 5	 5	 5	 5	 5	 5	 4	 4	 5	 3	 5	 5	 5	 5	 4	 5	 5	 5	 5	 5	 5	 5	 4	 4	 5	 4	 5	 5	 5	 5	 5	 5	 5	 5	 5	 5	 5	 5	 5	 5	 5	 5	 5	 5	 5	 5	 5	 5	 5	 5	 4	 4	 5	 5	 5	 5	 5	 4	 5	 5	 5	 6	 5	 5	 5	 5	 5	 5	 6	 5	 5	 6	 5	 5	 6	 5	 5	 6	 5	 5	 4	 4	 5	 6	 6	 6	 6	 6	 6	 4	 5	 6	 5	 5	 6	 5	 5	 6	 5	 5	 5	 5	 5	 6	 6	 6	 6	 6	 5	 6	 6	 6	 5	 6	 4	 5	 5	 5	 5	 5	 6	 5	 5	 5	 5	 6	 5	 6	 5	 5	 6	 6	 6	 5	 5	 5	 5	 5	 5	 5	 6	 5	 6	 6	 5	 6	 5	 6	 6	 6	 6	 5	 5	 5	 5	 5	 5	 6	 5	 5	 6	 6	 6	 5	 6	 6	 6	 5	 6	 5	 6	 6	 6	 6	 6	 5	 5	 5	 5	 5	 5	 5	 5	 6	 6	 5	 6	 5	 6	 6	 6	 6	 5	 5	 5	 5	 5	 5	 6	 5	 5	 5	 6	 6	 6	 5	 6	 5	 6	 6	 6	 6	 6	 5	 5	 5	 5	 5	 5	 6	 6	 5	 6	 5	 5	 6	 6	 6	 6	 5	 6	 6	 5	 6	 6	 6	 6	 6	 6	 6	 5	 6	 6	 6	 5	 5	 5	 6	 5	 5	 6	 6	 5	 6	 5	 6	 4	 6	 6	 6	 5	 6	 6	 5	 6	 5	 6	 4	 6	 6	 6	 6	 6	 6	 6	 6	 6	 6	 6	 5	 6	 5	 6	 6	 6	 6	 6	 5	 6	 6	 6	 7	 6	 6	 7	 7	 6	 6	 6	 6	 7	 7	 7	 7	 7	 7	 7	 6	 6	 7	 7	 7	 7	 7	 7	 7	 7	 7	 7	 7	 7	 7	 7	 7	 6	 6	 6	 6	 7	 6	 7	 6	 7	 7	 7	 6	 6	 6	 7	 7	 7	 6	 6	 6	 7	 6	 6	 7	 6	 7	 7	 7	 7	 7	 7	 7	 7	 7	 7	 7	 7	 6	 6	 7	 7	 7	 7	 7	 7	 7	 7	 7	 7	 7	 7	 7	 7	 7	 7	 7	 7	 7	 7	 7	 6	 6	 6	 6	 6	 7	 7	 7	 6	 5	 6	 6	 7	 6	 6	 7	 5	 7	 7	 6	 7	 7	 7	 7	 7	 7	 5	 6	 6	 7	 6	 6	 7	 5	 7	 7	 6	 7	 7	 7	 7	 7	 7	 5	 6	 6	 6	 7	 6	 6	 7	 7	 6	 6	 6	 6	 7	 7	 7	 7	 7	 7	 7	 6	 6	 7	 7	 7	 7	 7	 7	 7	 7	 7	 7	 7	 7	 7	 7	 7	 6	 6	 6	 6	 6	 7	 6	 6	 7	 6	 7	 7	 7	 7	 7	 6	 6	 6	 6	 7	 7	 7	 6	 6	 7	 7	 6	 7	 7	 7	 7	 7	 7	 7	 7	 7	 7	 6	 5	 6	 6	 7	 7	 7	 6	 6	 7	 7	 6	 7	 7	 7	 7	 7	 7	 7	 7	 7	 7	 7	 7	 6	 5	 7	 7	 7	 7	 7	 7	 7	 7	 7	 7	 7	 7	 7	 7	 7	 7	 7	 7	 6	 6	 7	 7	 7	 7	 7	 7	 7	 7	 7	 7	 7	 7	 7	 7	 7	 7	 7	 7	 6	 8	 8	 7	 6	 7	 7	 7	 7	 7	 7	 7	 7	 7	 7	 7	 6	 7	 7	 7	 7	 7	 7	 7	 7	 7	 7	 7	 7	 6	 8	 6	 7	 7	 7	 7	 7	 7	 7	 7	 7	 7	 7	 7	 7	 7	 7	 7	 8	 7	 7	 7	 7	 7	 7	 7	 7	 7	 7	 8	 7	 7	 7	 7	 7	 7	 7	 7	 7	 7	 7	 7	 8	 7	 7	 7	 8	 8	 7	 7	 7	 7	 8	 7	 6	 8	 9	 8	 9	 9	 8	 9	 9	 9	 8	 9	 8	 9	 8	 9	 8	 8	 9	 8	 9	 9	 8	 9	 9	 9	 8	 8	 9	 8	 9	 8	 9	 9	 9	 9	 8	 9	 7	 8	 9	 8	 8	 9	 7	 9	 7	 8	 9	 8	 9	 8	 9	 9	 9	 9	 8	 9	 7	 9	 9	 9	 9	 9	 9	 9	 9	 8	 9	 8	 9	 9	 9	 9	 9	 9	 9	 9	 8	 9	 9	 9	 
]

RouteDurations 	 : 	 [
2	 2	 3	 2	 2	 2	 3	 3	 2	 3	 3	 3	 3	 3	 3	 2	 2	 2	 2	 3	 2	 3	 3	 2	 3	 2	 2	 3	 3	 3	 3	 3	 2	 3	 3	 3	 3	 3	 1	 2	 2	 3	 3	 2	 3	 2	 3	 2	 3	 3	 3	 2	 3	 3	 1	 2	 2	 2	 2	 2	 2	 3	 3	 3	 3	 3	 3	 3	 2	 2	 2	 3	 3	 3	 3	 3	 3	 3	 3	 3	 3	 3	 3	 3	 3	 3	 3	 3	 3	 3	 3	 3	 2	 2	 3	 3	 3	 3	 3	 2	 2	 3	 3	 3	 2	 3	 2	 3	 3	 2	 3	 3	 3	 3	 3	 2	 2	 3	 2	 2	 3	 2	 3	 2	 3	 3	 3	 3	 2	 2	 3	 1	 3	 2	 3	 3	 3	 3	 2	 2	 3	 2	 3	 3	 3	 3	 2	 3	 3	 3	 3	 3	 3	 3	 2	 2	 3	 1	 3	 2	 2	 3	 2	 3	 3	 3	 3	 2	 2	 3	 2	 2	 2	 1	 2	 2	 2	 1	 2	 3	 3	 3	 3	 3	 2	 3	 3	 3	 3	 3	 3	 3	 1	 3	 2	 2	 3	 2	 3	 3	 3	 3	 2	 2	 3	 2	 3	 2	 3	 3	 3	 3	 2	 2	 3	 2	 3	 3	 3	 3	 3	 2	 3	 3	 3	 3	 3	 3	 3	 2	 2	 3	 1	 3	 3	 3	 3	 2	 3	 3	 3	 3	 3	 3	 3	 2	 2	 3	 2	 3	 3	 3	 3	 3	 3	 3	 3	 3	 3	 3	 3	 3	 3	 3	 3	 3	 3	 3	 3	 3	 3	 3	 3	 2	 2	 3	 3	 3	 3	 3	 2	 2	 2	 2	 3	 2	 2	 2	 2	 2	 2	 3	 2	 2	 3	 2	 2	 3	 2	 2	 3	 2	 2	 1	 1	 2	 3	 3	 3	 3	 3	 3	 1	 2	 3	 2	 2	 3	 2	 2	 3	 2	 2	 2	 2	 2	 3	 3	 3	 3	 3	 2	 3	 3	 3	 2	 3	 1	 2	 2	 2	 2	 2	 3	 2	 2	 2	 2	 3	 2	 3	 2	 2	 3	 3	 3	 2	 2	 2	 2	 2	 2	 2	 3	 2	 3	 3	 2	 3	 2	 3	 3	 3	 3	 2	 2	 2	 2	 2	 2	 3	 2	 2	 3	 3	 3	 2	 3	 3	 3	 2	 3	 2	 3	 3	 3	 3	 3	 2	 2	 2	 2	 2	 2	 2	 2	 3	 3	 2	 3	 2	 3	 3	 3	 3	 2	 2	 2	 2	 2	 2	 3	 2	 2	 2	 3	 3	 3	 2	 3	 2	 3	 3	 3	 3	 3	 2	 2	 2	 2	 2	 2	 3	 3	 2	 3	 2	 2	 3	 3	 3	 3	 2	 3	 3	 2	 3	 3	 3	 3	 3	 3	 3	 2	 3	 3	 3	 2	 2	 2	 3	 2	 2	 3	 3	 2	 3	 2	 3	 1	 3	 3	 3	 2	 3	 3	 2	 3	 2	 3	 1	 3	 3	 3	 3	 3	 3	 3	 3	 3	 3	 3	 2	 3	 2	 3	 3	 3	 3	 3	 2	 2	 2	 2	 3	 2	 2	 3	 3	 2	 2	 2	 2	 3	 3	 3	 3	 3	 3	 3	 2	 2	 3	 3	 3	 3	 3	 3	 3	 3	 3	 3	 3	 3	 3	 3	 3	 2	 2	 2	 2	 3	 2	 3	 2	 3	 3	 3	 2	 2	 2	 3	 3	 3	 2	 2	 2	 3	 2	 2	 3	 2	 3	 3	 3	 3	 3	 3	 3	 3	 3	 3	 3	 3	 2	 2	 3	 3	 3	 3	 3	 3	 3	 3	 3	 3	 3	 3	 3	 3	 3	 3	 3	 3	 3	 3	 3	 2	 2	 2	 2	 2	 3	 3	 3	 2	 1	 2	 2	 3	 2	 2	 3	 1	 3	 3	 2	 3	 3	 3	 3	 3	 3	 1	 2	 2	 3	 2	 2	 3	 1	 3	 3	 2	 3	 3	 3	 3	 3	 3	 1	 2	 2	 2	 3	 2	 2	 3	 3	 2	 2	 2	 2	 3	 3	 3	 3	 3	 3	 3	 2	 2	 3	 3	 3	 3	 3	 3	 3	 3	 3	 3	 3	 3	 3	 3	 3	 2	 2	 2	 2	 2	 3	 2	 2	 3	 2	 3	 3	 3	 3	 3	 2	 2	 2	 2	 3	 3	 3	 2	 2	 3	 3	 2	 3	 3	 3	 3	 3	 3	 3	 3	 3	 3	 2	 1	 2	 2	 3	 3	 3	 2	 2	 3	 3	 2	 3	 3	 3	 3	 3	 3	 3	 3	 3	 3	 3	 3	 2	 1	 3	 3	 3	 3	 3	 3	 3	 3	 3	 3	 3	 3	 3	 3	 3	 3	 3	 3	 2	 2	 2	 2	 2	 2	 2	 2	 2	 2	 2	 2	 2	 2	 2	 2	 2	 2	 2	 2	 1	 3	 3	 2	 1	 2	 2	 2	 2	 2	 2	 2	 2	 2	 2	 2	 1	 2	 2	 2	 2	 2	 2	 2	 2	 2	 2	 2	 2	 1	 3	 1	 2	 2	 2	 2	 2	 2	 2	 2	 2	 2	 2	 2	 2	 2	 2	 2	 3	 2	 2	 2	 2	 2	 2	 2	 2	 2	 2	 3	 2	 2	 2	 2	 2	 2	 2	 2	 2	 2	 2	 2	 3	 2	 2	 2	 3	 3	 2	 2	 2	 2	 3	 2	 1	 2	 3	 2	 3	 3	 2	 3	 3	 3	 2	 3	 2	 3	 2	 3	 2	 2	 3	 2	 3	 3	 2	 3	 3	 3	 2	 2	 3	 2	 3	 2	 3	 3	 3	 3	 2	 3	 1	 2	 3	 2	 2	 3	 1	 3	 1	 2	 3	 2	 3	 2	 3	 3	 3	 3	 2	 3	 1	 2	 2	 2	 2	 2	 2	 2	 2	 1	 2	 1	 2	 2	 2	 2	 2	 2	 2	 2	 1	 2	 1	 1	 
]

RouteEmissions 	 : 	 [
32.0	 33.9	 38.4	 27.3	 28.5	 27.1	 37.4	 39.0	 33.8	 37.1	 38.0	 39.3	 44.6	 44.4	 37.3	 26.4	 29.8	 29.0	 26.9	 45.1	 34.6	 36.5	 40.2	 26.2	 37.3	 23.8	 21.6	 33.5	 35.7	 39.7	 39.8	 39.7	 29.3	 40.2	 41.9	 41.9	 33.7	 36.8	 18.8	 22.7	 30.0	 33.2	 37.1	 22.1	 37.4	 34.7	 36.6	 29.4	 33.9	 32.9	 34.8	 28.3	 32.9	 36.9	 12.2	 28.4	 30.0	 27.1	 28.0	 28.2	 29.5	 38.1	 37.7	 38.5	 38.6	 45.6	 45.3	 37.3	 33.8	 33.7	 27.5	 38.7	 38.8	 45.0	 44.7	 37.5	 38.2	 38.2	 38.1	 45.0	 44.7	 37.1	 37.7	 37.8	 39.0	 45.4	 45.0	 37.9	 44.9	 44.6	 36.6	 37.1	 33.6	 33.5	 38.3	 38.4	 45.3	 44.9	 37.3	 26.4	 37.0	 43.6	 42.9	 43.3	 28.7	 40.4	 27.7	 40.7	 40.3	 32.1	 40.5	 41.2	 40.1	 40.8	 39.4	 33.6	 33.7	 40.2	 26.0	 23.0	 39.0	 25.4	 38.0	 29.2	 38.7	 38.3	 38.9	 37.6	 29.0	 28.9	 38.0	 18.8	 38.4	 30.0	 38.9	 38.5	 39.1	 37.7	 31.1	 31.2	 38.4	 23.5	 37.7	 37.3	 38.1	 36.8	 26.8	 38.5	 37.4	 38.0	 37.0	 37.6	 36.3	 32.5	 28.9	 28.9	 36.8	 17.9	 38.3	 22.8	 23.6	 37.1	 28.1	 37.6	 37.2	 37.8	 36.5	 29.3	 29.3	 37.1	 21.2	 21.6	 24.2	 18.6	 21.8	 22.1	 24.1	 17.5	 22.1	 37.8	 38.4	 37.4	 38.3	 36.9	 26.6	 38.6	 37.5	 38.1	 37.1	 37.7	 36.4	 36.9	 10.4	 37.1	 23.6	 24.3	 37.1	 28.2	 37.6	 37.2	 37.8	 36.5	 29.3	 29.3	 37.1	 22.1	 38.5	 29.9	 38.9	 38.5	 39.1	 37.7	 30.8	 30.7	 38.4	 24.1	 37.6	 38.3	 37.2	 38.1	 36.8	 26.7	 38.5	 37.4	 38.1	 37.0	 37.6	 36.3	 31.3	 27.8	 27.7	 36.8	 17.3	 38.5	 38.1	 38.9	 37.6	 28.0	 39.1	 38.0	 38.6	 37.6	 38.2	 36.9	 33.8	 30.3	 30.3	 37.6	 22.1	 38.8	 38.8	 38.5	 45.2	 44.9	 37.6	 38.3	 38.4	 44.8	 38.1	 45.2	 44.8	 37.2	 37.9	 38.0	 38.7	 38.8	 45.1	 44.8	 37.6	 45.1	 44.8	 36.8	 36.9	 33.3	 33.2	 37.8	 37.8	 44.8	 44.3	 36.7	 26.0	 28.6	 28.2	 28.8	 37.3	 27.4	 22.6	 22.8	 28.1	 30.4	 30.0	 37.1	 21.2	 28.4	 37.3	 27.4	 27.9	 37.2	 27.0	 27.5	 37.2	 26.2	 20.8	 17.3	 17.3	 26.6	 41.2	 44.5	 44.6	 38.4	 33.5	 36.8	 16.2	 29.3	 37.8	 28.3	 28.9	 37.8	 27.9	 28.4	 37.7	 27.1	 24.4	 23.0	 23.3	 27.9	 43.7	 37.5	 34.5	 40.4	 41.0	 31.4	 33.9	 41.5	 41.1	 31.1	 37.6	 19.3	 28.7	 28.8	 28.3	 34.5	 34.1	 37.7	 27.6	 28.3	 28.4	 34.1	 37.4	 27.9	 40.9	 34.4	 34.1	 38.1	 44.2	 37.4	 27.2	 27.9	 28.0	 28.6	 28.7	 34.4	 34.0	 37.6	 27.5	 40.9	 37.4	 34.4	 37.6	 34.0	 38.5	 38.3	 44.4	 37.6	 26.8	 28.4	 27.0	 27.0	 27.7	 27.7	 40.9	 34.0	 33.6	 37.5	 43.6	 36.7	 26.6	 43.6	 40.9	 37.1	 34.0	 37.4	 33.6	 42.9	 37.7	 37.5	 43.6	 36.7	 25.9	 27.8	 27.9	 28.8	 28.8	 34.5	 34.1	 27.7	 40.8	 37.3	 34.2	 37.5	 33.9	 38.2	 38.0	 44.1	 37.2	 26.7	 28.8	 27.4	 27.4	 28.4	 28.4	 40.9	 34.4	 34.0	 27.3	 43.5	 40.7	 37.2	 34.2	 37.5	 33.8	 43.4	 38.1	 37.9	 44.0	 37.2	 26.3	 28.1	 26.7	 26.7	 28.0	 28.0	 40.9	 37.4	 34.4	 37.6	 34.0	 26.9	 43.3	 43.2	 40.4	 36.9	 33.9	 38.7	 37.1	 33.6	 43.3	 39.0	 38.1	 39.4	 37.9	 44.0	 37.1	 25.5	 37.3	 37.2	 37.2	 28.5	 29.9	 28.4	 37.1	 17.2	 27.1	 37.7	 32.6	 29.6	 33.0	 28.0	 36.8	 13.6	 37.4	 37.4	 37.3	 27.1	 38.0	 32.9	 29.8	 33.4	 28.2	 36.9	 12.6	 37.7	 38.1	 44.2	 37.4	 38.5	 38.3	 44.4	 37.6	 43.6	 40.9	 37.1	 34.0	 37.4	 33.6	 42.9	 37.7	 37.5	 43.6	 36.7	 26.0	 34.6	 31.9	 28.0	 38.4	 27.1	 28.2	 44.2	 39.6	 27.0	 33.4	 28.2	 27.9	 38.6	 37.9	 41.3	 38.4	 45.3	 37.7	 37.6	 33.3	 27.2	 38.7	 38.0	 38.9	 37.9	 44.7	 37.2	 49.2	 40.7	 42.7	 38.7	 37.7	 44.6	 37.0	 46.0	 37.1	 33.0	 26.2	 34.0	 33.9	 40.0	 31.1	 39.4	 27.2	 42.7	 47.0	 38.1	 26.3	 29.0	 27.4	 43.9	 48.2	 39.3	 26.2	 33.0	 28.6	 38.6	 27.7	 29.0	 39.7	 27.5	 38.6	 39.5	 38.5	 45.3	 37.9	 41.3	 39.3	 38.3	 45.2	 37.6	 46.4	 37.5	 33.2	 26.8	 42.8	 39.7	 38.7	 44.7	 38.0	 46.0	 38.9	 37.9	 44.6	 37.2	 42.2	 48.9	 40.4	 42.7	 46.1	 38.8	 37.7	 44.6	 37.0	 45.7	 36.8	 32.7	 25.4	 22.6	 20.8	 28.4	 37.6	 37.4	 33.6	 24.7	 13.3	 28.1	 22.0	 33.8	 21.2	 22.6	 33.8	 17.3	 37.5	 37.2	 27.0	 38.0	 37.2	 37.7	 37.0	 42.1	 33.2	 11.9	 28.4	 22.2	 34.0	 21.3	 22.8	 33.9	 17.5	 37.6	 37.4	 27.0	 38.2	 37.4	 38.0	 37.2	 42.5	 33.6	 10.8	 34.8	 32.1	 27.7	 38.2	 26.8	 28.1	 44.0	 39.3	 26.6	 32.8	 27.5	 27.3	 38.1	 37.5	 40.9	 37.9	 44.8	 37.2	 37.1	 32.8	 26.6	 38.9	 38.2	 39.1	 38.1	 44.9	 37.5	 49.3	 40.9	 42.9	 38.9	 37.9	 44.8	 37.2	 46.0	 37.1	 32.8	 25.9	 33.8	 29.0	 34.9	 41.6	 33.8	 28.9	 40.7	 32.2	 40.2	 36.9	 40.1	 37.0	 36.5	 32.3	 26.2	 23.8	 27.8	 37.3	 37.1	 33.9	 28.5	 21.8	 37.5	 37.3	 26.9	 38.0	 37.2	 39.1	 38.4	 37.0	 40.4	 40.2	 34.3	 42.7	 33.7	 28.4	 18.8	 23.6	 28.2	 37.3	 37.2	 33.2	 28.5	 22.1	 37.5	 37.2	 26.7	 38.0	 37.2	 44.3	 39.1	 46.9	 38.4	 37.0	 40.4	 40.3	 34.3	 42.7	 33.8	 27.4	 17.3	 38.2	 44.0	 39.3	 38.9	 38.2	 39.1	 38.1	 44.9	 37.5	 49.3	 40.9	 42.9	 38.9	 37.9	 44.8	 37.2	 46.0	 37.1	 32.8	 26.0	 32.0	 27.4	 31.9	 28.2	 27.7	 26.7	 34.6	 26.0	 28.1	 27.3	 29.6	 28.9	 27.1	 30.1	 30.0	 24.0	 31.9	 23.5	 18.6	 33.5	 39.7	 29.3	 17.9	 28.4	 28.2	 23.6	 21.8	 30.0	 21.2	 28.2	 28.0	 24.4	 21.6	 29.4	 18.8	 27.9	 27.1	 34.6	 29.4	 36.1	 28.7	 27.0	 30.0	 29.8	 23.9	 31.9	 23.3	 17.1	 33.5	 16.2	 28.9	 28.2	 29.1	 28.2	 34.1	 27.5	 38.6	 32.1	 32.9	 28.9	 27.9	 34.1	 27.2	 35.3	 27.9	 26.6	 37.4	 33.6	 25.9	 32.0	 28.9	 27.9	 33.9	 27.2	 35.3	 28.1	 27.1	 37.4	 33.8	 26.4	 31.9	 28.4	 27.9	 26.9	 34.6	 26.2	 38.4	 35.3	 28.0	 26.9	 37.5	 33.8	 26.3	 22.7	 33.9	 41.4	 31.1	 22.1	 34.7	 31.1	 32.9	 28.3	 12.2	 28.4	 39.6	 27.1	 37.4	 37.1	 33.5	 39.3	 38.4	 37.3	 26.4	 43.3	 28.7	 36.5	 33.7	 40.2	 26.0	 28.2	 39.6	 27.0	 37.5	 37.1	 33.4	 39.2	 38.3	 37.2	 26.2	 23.6	 36.8	 30.7	 39.8	 23.3	 33.9	 34.7	 39.4	 32.9	 30.3	 37.6	 19.3	 23.9	 32.9	 22.0	 22.1	 34.0	 17.5	 36.9	 10.4	 23.6	 33.2	 29.3	 37.1	 22.1	 33.5	 35.6	 40.3	 33.8	 27.7	 36.8	 17.3	 23.6	 22.8	 28.1	 21.2	 22.8	 25.2	 29.8	 23.3	 17.3	 26.6	 16.2	 24.3	 23.7	 28.2	 22.1	 24.0	 28.0	 22.1	 27.1	 12.6	 26.0	 19.3	 10.8	 
]
